,b2130
SRX1125282,0.3229400906
SRX1125283,-0.26285359550000004
SRX1125284,-0.004276688900000001
SRX1125285,-0.28064915220000003
SRX1125286,0.22241643290000002
SRX1125287,0.4800234772
SRX1125288,-0.0754630219
SRX1125289,0.23270275840000001
SRX1125290,0.20151769700000002
SRX1125291,-0.0616197895
SRX1125292,0.3110417647
SRX1125293,1.1018966553
SRX1125294,-0.24747706860000002
SRX1125295,-0.3032910284
SRX1125296,-0.0269869769
SRX1125297,-0.5114265271
SRX1125298,0.197279017
SRX1125299,1.1219644824
SRX5694250,-0.31070898140000003
SRX5694251,-1.1661192038000001
SRX5694252,-2.761415689
SRX5694253,0.34286254400000005
SRX5694254,0.48645787290000003
SRX5694255,-2.3040676863
SRX5694256,0.1855105461
SRX5694257,0.34131268940000004
SRX5694258,0.6063838135
SRX5694259,-1.2909260395
SRX5694260,0.2128799953
SRX5694261,-0.0828940271
SRX5694262,-1.7096746641
SRX5694263,0.362405912
SRX5694264,-1.9662681664
SRX5694265,0.0160916327
SRX5694267,0.1850177342
SRX5694268,1.2212088365
SRX5694269,-0.16546168290000002
SRX5694271,-0.1568603562
SRX5694273,-0.6898758897
SRX5694274,0.4227151719
SRX5694275,0.196099248
SRX5694276,-0.8927552157
SRX5694277,0.6825652229
SRX5694278,-0.5834966586
SRX5694279,0.5163912437
SRX5694280,1.6865825916000001
SRX5694281,1.034962935
SRX5694282,-1.4978624541
SRX5694283,0.2308291741
SRX5694284,0.7899702268000001
SRX5694285,0.1908119562
SRX5694286,0.3089858324
SRX5694287,0.6997041438
SRX5694288,-0.9643410556
SRX5694289,0.42049064890000004
SRX5694290,-1.2893930908
SRX5694291,-2.0417940952
SRX5694292,1.3096553447
SRX5694293,-0.8077410474000001
SRX5694294,0.6997890567
SRX5694295,1.1938416369
SRX5694296,0.6792854850000001
SRX5694297,-1.3670838887
SRX5694298,1.266778556
SRX5694299,0.3705272416
SRX5694300,-0.5149226702
SRX5694301,1.3999766411
SRX5694302,-0.4468489812
SRX5694303,-0.39667854220000004
SRX5694304,-0.537522409
SRX5694305,0.0629456546
SRX5694306,0.8999313479000001
SRX5694307,-1.525455247
SRX5694308,-0.3748856514
SRX5694309,-1.4004313256
SRX5694310,0.7746822089000001
SRX5694311,-1.2210379696
SRX5694312,-3.6556760599
SRX5694313,0.5379939729000001
SRX5694315,0.2368302729
SRX5694317,1.0889527987
SRX5694319,-0.6788655249000001
SRX5694320,-1.4982425237
SRX5694321,0.7368315440000001
SRX5694322,-3.4191626959
SRX5694323,0.2364473682
SRX5694324,-1.0803941409
SRX5694325,-0.2751821142
SRX5694326,0.3006284353
SRX5694327,1.2024562854
SRX5694328,-0.6269811361000001
SRX5694329,1.1322151621
SRX5694330,-0.4581367921
SRX5694331,0.0633104986
SRX5694332,0.8608239803000001
SRX5694334,0.7166590961
SRX5694335,0.5752079066
SRX5694336,-1.7026675706
SRX5694337,0.1280747132
SRX5694338,0.74611699
SRX5694339,-0.9654876347
SRX5694340,1.0285259122
SRX5694341,-1.4988924575
SRX5694342,-0.2505271293
SRX5694343,1.841845223
SRX5694344,-0.0758322263
SRX5694345,-0.0162218194
SRX5694346,1.1736157065
SRX5694347,0.48770299170000003
SRX5694348,0.7983782693
SRX5694349,0.9097450235000001
SRX5694350,-0.1370912411
SRX5694351,-0.6976279047
SRX5694352,-0.5162647064
SRX5694353,-0.8637083509
SRX5694354,0.6374572818
SRX5694356,-0.4842100689
SRX5694357,-1.3431096554
SRX5694358,-2.1911945515
SRX5694359,-0.3692367536
SRX5694360,-0.1093713391
SRX5694361,-1.452766504
SRX5694362,-0.260240238
SRX5694363,0.0252600298
SRX5694364,-2.0598535782
SRX5694365,-0.6928356237000001
SRX5694366,-1.1123811134000001
SRX5694367,-0.5035748188
SRX5694368,-0.6947523794
SRX5694369,0.2350323714
SRX5694370,-0.6625132146
SRX5694371,-1.5217117971
SRX5694372,0.3096053995
SRX5694373,0.7551088883
SRX5694374,-2.5394566414
SRX5694375,1.2830807609
SRX5694376,0.1779740078
SRX5694377,-1.9836499105
SRX5694378,0.3098393287
SRX5694379,0.7639845664
SRX5694380,1.6814070105
SRX5694381,-1.534252795
SRX5694382,0.2837806754
SRX5694383,1.3835936185
SRX5694384,-0.19484166290000002
SRX5694385,-0.6377002048
SRX5694386,-1.2592908078
SRX5694387,-1.1295489598
SRX5694388,-0.4297104284
SRX5694389,1.160916372
SRX5694390,1.3782385383
SRX5694391,1.4650367981
SRX5694392,1.3174993642000001
SRX5694393,-0.178681226
SRX5694394,1.021486223
SRX5694395,0.2399429191
SRX5694396,-0.40257131150000003
SRX5694397,0.5282492282
SRX5694398,0.4347047784
SRX5694399,0.4144288011
SRX5694400,0.0432906396
SRX5694401,0.3511366935
SRX5694402,-1.3161216347
SRX5694403,-1.0815794647
SRX5694404,1.2401998189
SRX5694405,0.2813334189
SRX5694406,-0.8493316612
SRX5694407,0.7865715211000001
SRX5694408,0.41736214590000004
SRX5694409,-0.7196261690000001
SRX5694410,0.3184843127
SRX5694411,-0.36026118970000004
SRX5694412,0.9912506797
SRX5694413,2.1392624558
SRX5694414,-0.8148922289
SRX5694415,2.130998768
SRX5694416,0.27981356360000004
SRX5694417,-0.6081031811000001
SRX5694418,-0.9211177725
SRX5694419,-1.6664611889
SRX5694420,0.47035106190000003
SRX5694421,0.1920934514
SRX5694422,0.9357077887
SRX5694423,-0.16296254470000002
SRX5694424,0.6292034311
SRX5694425,0.664267163
SRX5694426,0.1609593842
SRX5694427,0.9056955632
SRX5694428,0.1335496292
SRX5694429,-1.4456951783
SRX5694430,0.8332583981
SRX5694431,0.17392257400000002
SRX5694432,0.2740275391
SRX5694433,2.9775485208
SRX5694434,1.6932049884
SRX5694435,-1.7325966562000001
SRX5694436,-1.0621958193
SRX5694437,0.48482002630000004
SRX5694438,1.6212023638000002
SRX5694439,-1.2933844879
SRX5694440,0.5760613801000001
SRX5694441,1.0458776588
SRX5694442,-0.41393498170000004
SRX5694443,0.1590256334
SRX5694444,1.3325469631
SRX5694445,-1.4250692642
SRX5694446,-0.2858810879
SRX5694447,1.4736124186000001
SRX5694448,-0.8728033683
SRX5694449,0.8424484476
SRX5694450,-1.398884236
SRX5694451,0.0960662409
SRX5694452,-0.5099560359
SRX5694453,1.5372377231
SRX5694454,-0.11040019740000001
SRX5694455,-1.3922221834
SRX5694456,-0.080513896
SRX5694457,-0.4822358896
SRX5694459,-0.7768015459000001
SRX5694460,-1.5561835264
SRX5694461,0.064559274
SRX5694462,-0.5414122508
SRX5694463,0.4015533644
SRX5694464,0.3376103533
SRX5694465,0.2942642675
SRX5694466,1.6392583965
SRX5694467,0.3693427742
SRX5694468,-1.5166768792
SRX5694469,1.2510035983
SRX5694470,-0.5402696003
SRX5694471,-0.32039923740000004
SRX5694472,-0.0974616465
SRX5694474,0.7031241898
SRX5694475,0.30969156070000003
SRX5694476,0.7189705091
SRX5694477,-1.1117093611
SRX5694478,1.16972293
SRX5694479,0.4972532679
SRX5694480,1.3979016036
SRX5694481,1.3683182795
SRX5694482,-0.6918785190000001
SRX5694483,0.702148404
SRX5694484,0.1528025653
SRX5694485,1.0226166171
SRX5694486,-0.7117499645
SRX5694487,0.35043764110000003
SRX5694488,0.8632124475
SRX5694489,-0.24462560930000002
SRX5694491,-0.8255546163
SRX5694492,-0.9666024798
SRX5694493,-1.1535811789000001
SRX5694494,1.3554952930000002
SRX5694495,-0.2080206255
SRX5694496,-0.7538446631
SRX5694497,0.640719907
SRX5694498,0.7470635687
SRX5694499,-0.7376016006
SRX5694500,1.6363798696
SRX5694501,0.2069888342
SRX5694502,-2.9486656478
SRX5694503,-0.1533491583
SRX5694504,-0.5203153609
SRX5694505,-1.3089252584
SRX5694506,0.070684204
SRX5694507,-0.67912699
SRX5694508,0.2880782582
SRX5694509,0.0932950092
SRX5694510,1.4394618532
SRX5694511,1.3659596052
SRX5694512,-0.848886169
SRX5694513,1.4474243678
SRX5694514,-1.1544303157
SRX5694515,-0.8318074262
SRX5694516,-1.6631767173
SRX5694517,0.6990619290000001
SRX5694518,0.0059690088
SRX5694519,0.0631614484
SRX5694520,0.346777934
SRX5694521,0.0622618314
SRX5694522,1.2357973607
SRX5694523,1.1930452453
SRX5694524,-0.0412633686
SRX5694525,-1.2619812466
SRX5694526,-0.3453828074
SRX5694527,1.6120441793
SRX5694528,0.0911828539
SRX5694529,0.4594195632
SRX5694530,0.44740775250000003
SRX5694532,-1.2268438017
SRX5694533,0.569052042
SRX5694534,-0.1916078302
SRX5694535,-0.1330146266
SRX5694536,1.0385032765
SRX5694537,-0.3794839129
SRX5694538,0.1266541927
SRX5694539,0.6777114031
SRX5694540,-1.3334829241000001
SRX5694541,-0.1152391846
SRX5694543,-2.5823909565000003
SRX5694544,-0.1114564562
SRX5694545,1.2621756663
SRX5694546,-0.9002670963
SRX5694547,1.1668815603
SRX5694548,0.2604560368
SRX5694550,1.519493004
SRX5694551,-3.3857636512
SRX5694552,0.33470916970000003
SRX5694553,-0.26363013500000004
SRX5694554,-0.06168239700000001
SRX5694555,-0.3843469143
SRX6072760,-0.8215972679
SRX6072761,-0.3937513284
SRX6072762,-0.2369870091
SRX6072763,0.3720159119
SRX6072764,-0.7848126905
SRX6072765,0.0223640812
SRX6376491,1.155339371
SRX6376492,-1.3572448684
SRX6376493,-1.5735293531
SRX6376494,-1.0621158934
SRX6376495,1.9376216307
SRX6376496,1.4246283237
SRX2723951,1.9897643943
SRX2723952,3.2804272305
SRX2723953,2.7672243828000003
SRX2723954,4.3432128353
SRX2723955,1.6065778629
SRX2723956,1.7101296468
SRX2723957,0.17886007280000002
SRX2723958,1.529947999
SRX2723959,0.2367494806
SRX2723960,1.9829689072
SRX2723961,4.0391020774
SRX2723962,1.7071601383
SRX2723963,-0.0431308921
SRX2723964,2.1266108127
SRX2723965,1.825294191
SRX2723966,-0.5169687973
SRX2723967,0.2589350019
SRX2723968,0.2580337954
SRX6977206,-0.8294366451
SRX6977207,-0.8065938770000001
SRX6977208,1.8006972166000002
SRX6977209,1.6916129892
SRX6977210,1.9110664123
SRX6977211,-0.2545588494
SRX6977212,0.0313897724
SRX6977213,0.22316907700000002
SRX6977214,-0.9245615669
SRX1153733,0.3239606028
SRX1153734,-0.3239606028
SRX1153735,0.5452869892000001
SRX1153736,-0.2707088009
SRX5204053,0.1836842375
SRX5204054,1.3282632642
SRX5204055,0.0218161195
SRX5204056,0.2239200151
SRX5204057,-0.2798396855
SRX5204058,0.1191716251
SRX5204059,0.6390862816
SRX5204060,0.5882335061
SRX5204061,0.4710109548
SRX5204062,0.28992642150000003
SRX5204063,0.4042574852
SRX5204064,-0.0137473088
SRX5204065,-0.4219070119
SRX5204066,-0.4943950919
SRX5204067,-0.27366288110000003
SRX5204068,0.2740950582
SRX5204069,0.3227843305
SRX5204070,0.6944756133000001
SRX5204071,0.7944765758000001
SRX5204072,0.9300271455
SRX5204073,0.8165537277
SRX5204074,0.9580096098
SRX5204075,0.2266855996
SRX5204076,0.5938677096
SRX5204077,0.4224105386
SRX5204078,0.2630706575
SRX5204079,0.2677293714
SRX5204080,0.6894686214
SRX5204081,1.1228415537
SRX5204082,0.8576000791
SRX5204083,0.5114048023000001
SRX5204084,0.5532573009
SRX5204085,0.4561722023
SRX5204086,-0.27536107390000003
SRX5204087,0.5239266731000001
SRX5204088,-0.0757737267
SRX5204089,0.7226030348
SRX5204090,0.938037043
SRX5204091,1.0115873769
SRX5204092,0.5360531528
SRX5204093,0.46856603830000004
SRX5204094,0.0340411817
SRX5204095,-0.0415742417
SRX5204096,-0.19503279210000002
SRX5204097,0.2366070337
SRX683459,0.1169089173
SRX683460,-2.164925788
SRX683461,-0.7897018016
SRX683462,-2.1997790793
SRX683463,0.6727928843000001
SRX683464,-1.6778813976
SRX683465,0.6691461569
SRX683466,-1.2322787926
SRX683467,0.6566881288
SRX683468,-1.2925784536
SRX683469,1.05072883
SRX683470,0.059313964500000003
SRX322077,0.4300822445
SRX322078,0.3472945844
SRX322079,0.7444306503
SRX322080,0.210911068
SRX322081,0.1963756015
SRX322082,-0.0914136488
SRX322083,-0.031670045
SRX322084,0.2220313613
SRX322085,-0.1903613163
SRX2708592,-1.6949247091
SRX2708593,-1.189633129
SRX2708594,-1.4099574028
SRX2708595,-0.2186845397
SRX2708596,0.0778894294
SRX2708597,0.14079511020000002
SRX2708598,0.08002179250000001
SRX2708600,-0.2303108965
SRX2708601,0.3094686936
SRX2708602,1.3977583053
SRX2708603,0.4840091687
SRX3073814,-0.2085674015
SRX3073815,-0.0019191413000000002
SRX3073816,-0.8611778521000001
SRX3073817,-1.1188578258
SRX3073818,-1.1848119666
SRX3073819,1.2068552782
SRX3073820,0.9484481837000001
SRX3073821,-1.2734925758
SRX3073822,-1.1638442286
SRX3073823,-0.6857771234000001
SRX3073824,0.2085674015
SRX3073825,0.7876787137
SRX3073826,-1.0004480765
SRX3073827,-1.0487207374
SRX3073828,-0.10834149900000001
SRX3073829,1.2072500185
SRX3073830,0.9748042659
SRX3073831,-1.2714434528
SRX3073832,-0.848106977
SRX3073833,-0.2665725527
SRX2391456,0.0068097034
SRX2391457,-0.529292921
SRX2391458,-0.7553089271000001
SRX2391459,-0.580408184
SRX2391460,-0.5063381581
SRX2391461,-0.5026836347
SRX2391462,-0.4631341382
SRX2391463,-0.1408490128
SRX2391464,-0.1460592426
SRX2391465,-0.2585037495
SRX2391466,-0.397726208
SRX2391467,-0.0589743464
SRX2391468,-0.3100351356
SRX2391469,-0.1539679056
SRX2391470,-0.5166904578
SRX2391471,-0.7000342252
SRX2391472,-0.8030851439000001
SRX2391473,-0.7263237379
SRX2391474,-0.6615352524
SRX2391475,-1.0720335849
SRX2391476,-0.6884756457
SRX2391477,-0.9126174145
SRX2391478,-0.5798830187
SRX2391479,-0.6504682925
SRX2391480,-0.7976370583
SRX2391481,-0.42643384360000003
SRX2391482,-0.6623811206
SRX2391483,-0.4099060597
SRX2391484,-0.4088778669
SRX2391485,-0.5436293147
SRX2391486,-0.8834380126
SRX2391487,-0.5629253536000001
SRX2391488,-0.7536071359000001
SRX2391489,-0.4959412335
SRX2391490,-0.5237723319
SRX2391491,-0.35941039140000003
SRX2391492,-0.32774457960000003
SRX2391493,-0.4127509053
SRX2391494,-0.19105127800000002
SRX2391495,0.0589743464
SRX2391496,-0.25035204380000003
SRX2391497,-0.3023458475
SRX2391498,-0.6631792766
SRX2391499,-1.0604941896
SRX2391500,-1.2910486167
SRX2391501,-0.9058059031000001
SRX2391502,-0.6107025479
SRX2391503,-1.1145922418
SRX2391505,-1.1120363915
SRX2391506,-0.8586347394
SRX2391507,-0.7475659239
SRX2391508,-1.0591549359
SRX2391510,-0.6888762119
SRX2391512,-0.5875095778
SRX2391513,-0.42335564680000004
SRX2391514,-0.22163180570000002
SRX5632598,0.9214713581
SRX5632599,0.92867929
SRX5632600,4.0894863081
SRX5632601,3.5706640253
SRX5632602,3.8423056617
SRX5632603,4.0160096503
SRX5632604,3.968449429
SRX5632605,3.8038094151
SRX5632606,1.3527908841
SRX5632607,0.6927510817
SRX5632608,0.0226200592
SRX5632609,0.1830130904
SRX5632610,1.0156463797
SRX5632611,-0.2056331496
SRX5632612,0.6167095754
SRX5632613,0.4480760949
SRX5632614,0.40104264500000003
SRX5632615,0.4006120215
ERX2874132,-0.4262160146
ERX2874133,-0.4463834835
ERX2874134,-0.1627921533
ERX2874135,-0.4633178895
ERX2874136,-0.8429359029
ERX2874137,-0.8280368928
ERX2874138,0.743678857
ERX2874139,0.8940996085
ERX2874140,-0.6449299381
ERX2874141,0.6449299381
ERX2874142,0.6286192516
ERX2874143,0.948922887
ERX2874144,0.8994314895000001
ERX2874145,1.0206732056
ERX2874146,0.36310886670000003
ERX2874147,0.9476126638000001
SRX1300292,0.0399759434
SRX1300293,-0.0399759434
SRX1300299,-0.0062463906
SRX1300300,0.019767745
SRX1300304,-0.44777722000000003
SRX1300305,-0.277013662
SRX1300306,0.054718962
SRX1300310,-0.36221257700000004
SRX1300311,-0.3008410754
SRX7291195,1.6120484864
SRX7291196,1.3636673334
SRX7291197,1.5426599517000001
SRX7291198,0.0535110634
SRX7291199,0.14202565820000002
SRX7291200,-0.19553672160000002
SRX7291201,1.5392718887
SRX7291202,1.6806648230999999
SRX7291203,1.5952913017
SRX7291204,0.2104866658
SRX7291205,-0.1562587745
SRX7291206,0.0008716533
SRX2436955,0.6222757814000001
SRX2436956,-0.3907423351
SRX2436957,-0.6695579021
SRX2436958,-0.168885809
SRX2436959,0.7766941326
SRX2436960,0.3855091467
SRX2436961,0.5798899417
SRX2436962,-0.4329776971
SRX2436963,0.0805597348
SRX2436964,-0.6977058346
SRX2436965,-2.1964650356
SRX2436966,0.1345643521
SRX2436967,0.3163244599
SRX2436969,0.57440803
SRX2436970,0.0532034297
SRX2436971,0.7773677905
SRX2437029,-0.30778051700000003
SRX2437030,0.30841907350000003
SRX2437031,-0.48558198500000005
SRX2437032,-0.1333740371
SRX2437033,0.12816194320000002
SRX2437034,-1.7366666728
SRX2437035,0.0318060435
SRX2437036,-0.0390327207
SRX2437037,-0.27926764730000003
SRX2437038,0.2111048294
SRX2437039,-0.1070038864
SRX2437040,-0.0951961578
SRX2437041,0.3224235975
SRX2437042,-0.7379321958
SRX2437043,-0.3801861616
SRX2437044,-0.09593173640000001
SRX4705203,-0.5961805258
SRX4705204,0.2635092149
SRX4705205,0.5305704764
SRX4705206,0.2323630498
SRX4705207,-1.6591627175
SRX4705208,-2.7291659261
SRX4705209,-1.6400165322
SRX4705210,-0.87921103
SRX4705211,-1.4933394994
SRX4705212,-0.9865782413
SRX4705213,-0.0776247122
SRX4705214,-0.6140993712
SRX4705215,0.2037428786
SRX4705216,-0.1624718043
SRX4705217,0.0672613982
SRX4705218,0.583191611
SRX4705219,-0.0001964865
SRX4705220,-0.4673447217
SRX4705221,0.9633665594
SRX4705222,0.1913583765
SRX4705223,-0.7976699159
SRX4705224,-1.133909802
SRX4705225,-0.0853951943
SRX4705226,-0.2434311557
SRX4705227,-0.3775126073
SRX4705228,0.7677576697
SRX4705229,0.6843083182
SRX4705230,0.4887506091
SRX4705231,0.6997986958
SRX4705232,0.8665322849
SRX4705233,0.7384811819
SRX4705234,-0.8204336783
SRX4705235,-1.4516186936
SRX4705236,-0.220095956
SRX4705237,-1.8271444516000002
SRX4705238,-1.3684812819
SRX2038319,0.3733316326
SRX2038320,0.7812432674
SRX2038321,1.1397693544
SRX2038322,0.3904049625
SRX2038323,0.4719154788
SRX2038324,0.017402273700000002
SRX2038325,0.5739012108
SRX2038326,0.6828901449
SRX2038327,-0.0729438308
SRX2038328,0.5936887283
SRX2038329,0.5417299092
SRX2038330,0.9008050964000001
SRX2038331,1.0521027019
SRX2038332,1.1491573222
SRX2038334,-0.8813196371
SRX2038335,-0.2550889843
SRX2038336,-0.6778208413
SRX2038337,1.1529384656000001
SRX2038338,-0.1183184927
SRX2038339,0.6430690883
SRX2038340,-1.8122523905999999
SRX2038341,-1.1309729681
SRX2038342,-0.6730222595
SRX2038343,-0.9331711514000001
SRX2038344,-0.7502941199000001
SRX2038345,0.40113723170000004
SRX2038346,0.323256686
SRX2038347,-0.0685376241
SRX2038348,0.22771465100000002
SRX2038349,-1.0799665776
SRX2038350,-1.1826245498
SRX2038351,-1.7202038005
SRX2038352,-1.0712489983
SRX2038353,-0.9233121563000001
SRX2038354,-1.5866777159
SRX2038355,-1.7917476091000002
SRX2038356,-0.4094814641
SRX2038357,-0.25501314
SRX2038358,-0.246954464
SRX2038359,-1.170724984
SRX2038360,-0.5025971207000001
SRX2038361,-0.2359446916
SRX2038362,0.1074284467
SRX2038363,-0.053885375400000005
SRX2038364,0.8349323302
SRX2038365,0.5815838601000001
SRX2038366,-0.031081354800000002
SRX2038367,0.41577658970000003
SRX2038368,-0.6051881307
SRX2038369,-0.7654313126000001
SRX2038370,0.2488875707
SRX2038371,-0.6773094082000001
SRX2038372,-0.4926736183
SRX2038373,-1.2689480216
SRX2038374,-1.3229154303000001
SRX2038375,0.49135535680000003
ERX530520,0.0255165772
ERX530521,-0.2181866505
ERX530522,-0.9318861589
ERX530523,-1.2847892892
ERX530524,-0.0255165772
ERX530525,-0.1339186884
ERX530526,0.2533675525
ERX530527,-0.5211656219
ERX3212443,0.7004151432
ERX3212444,0.332022561
ERX3212445,0.4284219081
ERX3212446,0.61225185
ERX3212447,0.6375089932
ERX3212448,0.7890727969
ERX3212449,-0.0247119401
ERX3212450,0.0610777323
ERX3212451,-0.036365792200000004
ERX3212452,-0.9864606598000001
ERX3212453,-0.7497874276000001
ERX3212454,-0.5052591029
SRX7478973,-0.1654285411
SRX7478974,0.2554682348
SRX7478975,-0.0900396936
SRX7478976,0.0313730759
SRX7478977,0.1844981723
SRX7478978,-0.0691310249
SRX7478979,0.32816220620000003
SRX7478980,0.6956677497
SRX7478981,0.8080233281
SRX7478982,0.540312462
SRX7478983,0.7245683448
SRX7478984,0.9788470785000001
ERX1521038,1.2910937955000001
ERX1521039,2.4782968494
ERX1521040,1.409278271
ERX1521041,2.3754361574000002
ERX1521042,0.06345671600000001
ERX1521043,0.30237647770000003
ERX1521044,0.1182971176
ERX1521045,-0.1182971176
SRX621182,-0.5893255409
SRX621183,-0.5255690820000001
SRX621184,-2.3665421109
SRX621185,-2.6380777789
SRX621188,-2.564378498
SRX621189,-2.2286931887
SRX621190,0.3317358869
SRX621191,-0.3317358869
SRX621192,-0.3505514246
SRX621193,0.15686695180000002
SRX6489436,-0.1266121694
SRX6489437,0.2831552334
SRX6489438,0.5144229913
SRX6489439,-0.1351627232
SRX6489440,-0.2505580991
SRX6489441,0.3857208223
SRX6489442,-0.08879251070000001
SRX6489443,0.1120392442
SRX6489444,0.1610128488
SRX6489445,0.0011619858
SRX6489446,-0.0546902807
SRX6489447,-0.1459879145
SRX6489448,-0.2604779098
SRX6489449,0.11050714830000001
SRX6489450,1.4269410104
SRX6489451,0.3505591281
SRX6489452,0.0770131819
SRX6489453,0.6193526023
SRX6489454,-0.0838735689
SRX6489455,-0.1606261028
SRX6489456,0.4787660863
SRX6489457,1.4953526005
SRX6489458,1.6608923411
SRX6489459,2.0788304823
SRX6489460,1.5718071614
SRX6489461,1.9054564258000002
SRX6489462,2.2321185498
SRX6489463,0.9094101732000001
SRX6489464,1.5142409025
SRX6489465,2.2627620696
SRX6489466,1.9650607023000002
SRX6489467,2.3290186402
SRX6489468,2.4586887276000002
SRX6489469,2.0665299336
SRX6489470,1.7804725021
SRX6489471,2.4374479498
SRX6452027,-0.1630652773
SRX6452029,-0.1444103458
SRX6452030,0.4557486604
SRX6452031,0.023253418
SRX6452044,0.7126132443000001
SRX6452045,1.2886348104
SRX6452046,0.8507641084
SRX6452047,1.6699028464999999
SRX6452048,0.1444103458
SRX6452059,1.5035039487000001
SRX1828491,0.5247271088000001
SRX1828492,-0.323657811
SRX1828493,0.15382800870000002
SRX1828494,0.6408020162
SRX1828495,1.0046644748
SRX1828496,1.3429419151
SRX1828497,1.1601575436
SRX1828498,0.2994903815
SRX1828499,1.0468247482
SRX1828500,0.4494217246
SRX1828501,0.5461371993
SRX1828502,0.4191262813
SRX1828503,0.5253230211000001
SRX1828504,0.9293815008
SRX1828505,0.6531904716
SRX1828506,0.5656388901
SRX1828507,0.0878268435
SRX1828508,-0.0878268435
SRX3796953,-0.09652437600000001
SRX3796954,0.09652437600000001
SRX3796955,-2.3062180165
SRX3796956,-1.3503329697
SRX3796957,-0.588569714
SRX3796958,-0.2119674585
SRX3796959,0.12424149520000001
SRX3796960,-0.020398468700000002
SRX3796961,-1.4843283628
SRX3796962,-1.6276361372
SRX3796963,-2.0907895413
SRX3796964,-1.3996900846
SRX3796965,-4.0750210907
SRX3796966,-3.7934049348
SRX3796967,-0.6172831753
SRX3796968,-0.6224218394000001
SRX3796969,-1.9972407511
SRX3796970,-0.8614940505
SRX3796971,-0.4212868367
SRX3796972,-0.7105313636
SRX3796973,-1.2493905997
SRX3796974,-0.1392861631
SRX3796975,-0.6778292183
SRX3796976,-0.7452283021
SRX3796977,0.4500040617
SRX3796978,0.5051693507
SRX3796979,-0.9514472494
SRX3796980,-0.7290128347
SRX3796981,-0.7310733296
SRX3796982,-0.4537346003
SRX3796983,-4.1001774292
SRX3796984,-3.5909094823
SRX3796985,-0.2423006145
SRX3796986,-0.454694321
SRX3796987,-2.7533547399
SRX3796988,-2.3748237203
SRX2568270,0.4506161789
SRX2568271,1.4821425704
SRX2568272,0.061503914900000005
SRX2568273,2.244084922
SRX2568274,2.2649252542
SRX2568275,-0.4506161789
SRX2568276,0.8810271712000001
SRX2568277,0.2614478273
SRX2568278,0.1194662726
SRX2568279,2.1303308087
SRX3421856,-0.2262902417
SRX3421857,0.2262902417
SRX3421858,-0.5443276167000001
SRX3421859,-0.6645613156
SRX3421860,-0.402249293
SRX3421861,-1.4215018931
SRX3421868,-0.0058201325
SRX3421869,-0.5608963083
SRX2606337,0.0364632419
SRX2606338,-0.0150895509
SRX2606339,-0.2266774457
SRX2606340,1.1881628379
SRX2606341,0.5719409788
SRX2606342,1.2971530352
SRX2606343,3.8310402404
SRX2606344,-0.0474068351
SRX2606345,0.2470221226
SRX2606346,0.1695513828
SRX2606347,-0.3904836859
SRX2606348,0.2940739217
SRX2606349,0.06295241160000001
SRX2606350,1.3397690904
SRX2606351,0.4232863593
SRX2606352,2.0691564279
SRX2606353,2.5274027606000002
SRX2606354,0.1709996413
SRX2606355,0.5321643535
SRX2606356,0.1860515143
SRX2606357,0.35402044400000005
SRX2606358,0.1823553115
SRX2606359,0.9182271267000001
SRX2606360,0.2195586371
SRX2606361,0.2227370552
SRX2606362,1.4591811165
SRX2606363,3.3839449633
SRX2606364,-0.0683473731
SRX2606365,0.0608164536
SRX2606366,0.6255415599
SRX3648427,1.837325541
SRX3648428,1.7601726426000002
SRX3648429,1.4814756087
SRX3648430,1.1852940522
SRX3648431,1.2373285248
SRX3648432,0.5704657036
SRX3648433,0.6840086422
SRX3648434,0.4135737446
SRX3648435,-1.101617627
SRX3648436,-1.5167574335
SRX3648437,-1.7295375328
SRX3648438,-1.3865177918
SRX3648439,0.2398570246
SRX3648440,0.21070349100000002
SRX3648441,-1.5422147446999999
SRX3648442,-1.01927094
SRX3648443,-1.6273978480000002
SRX3648444,-1.4632258848
SRX3648445,1.2073331693
SRX3648446,1.7960403858
SRX3648447,1.237561114
SRX3648448,-0.00037927480000000003
SRX3648449,0.0086736399
SRX3648450,0.7498620609000001
SRX3648451,0.7991593880000001
SRX3648452,-0.7960756226
SRX3648453,-0.7612401913
SRX3648454,-1.4402860315
SRX3648455,-1.6370573704
SRX3648456,-1.6127127543
SRX3648457,2.0959107268
SRX3648458,2.0472541019
SRX3648459,0.9352737288
SRX3648460,0.3523513882
SRX3648461,-0.1492301573
SRX3648462,-1.2074525241
SRX3648463,0.1956410925
SRX3648464,0.31974856690000003
SRX3648465,-0.26239222300000004
SRX3648466,0.0674041834
SRX3648467,0.35451346770000003
SRX3648468,-1.2511452614
SRX3648469,-0.3216885369
SRX3648470,-0.4061049733
SRX3648471,-1.1580945773
SRX3648472,-1.3703199355
SRX3648473,-1.323403517
SRX3648475,0.5603747139
SRX3648476,-0.0674025639
SRX3648477,-0.8406829344000001
SRX3648478,2.4821553743
SRX3648479,2.174083299
SRX3648480,2.30984437
SRX3648481,0.2461547261
SRX3648482,-1.815204375
SRX3648483,-1.3766779271
SRX1429221,-0.0014051512
SRX1429222,-0.07257264470000001
SRX1429223,0.0739777959
SRX1429224,-0.1508222704
SRX1429225,-0.191946513
SRX1429226,-0.199086495
SRX1429227,-0.0834870124
SRX1429228,0.25190939160000003
SRX1429229,-0.139451356
SRX1429230,-0.0160862747
SRX1429231,-0.0224145991
SRX1429232,0.0211822226
SRX1429233,-0.280894413
SRX1429234,-0.060758067000000006
SRX1429235,0.3639548535
SRX1429236,0.5053314823
SRX1429237,-0.2065347774
SRX1429238,-0.45283206460000003
SRX1429239,-0.6288825739
SRX1429240,-0.8495885224
SRX1429241,-0.5727408931
SRX1429242,-1.454788686
SRX1429243,-0.8577809189000001
SRX1429244,-0.5751684299000001
ERX2339161,0.0544779659
ERX2339162,-0.0544779659
ERX2339163,-1.2874833631
ERX2339164,-1.030765623
ERX2339165,-0.5954065937
ERX2339166,-0.4507713057
ERX2339167,0.13454651010000002
ERX2339168,-0.18497666100000001
ERX2339169,-0.2757724528
ERX2339170,-1.3728936107
ERX2339171,-1.1548522105
SRX7656012,0.3378409449
SRX7656013,0.17089846720000001
SRX7656014,0.8898273405
SRX7656015,1.0301270242
SRX7656016,0.7640695371
SRX7656017,0.4384157226
SRX7656018,0.4356920678
SRX7656019,1.1116395295000001
SRX7656020,0.1355390719
SRX7656021,0.226196676
SRX7656022,0.2032694139
SRX7656023,0.19236954620000002
SRX7656024,1.3232256592
SRX7656025,0.4181063454
SRX7656026,1.0817966276
SRX7656027,0.1588354821
SRX7656028,-0.041691496700000004
SRX7656029,-0.1999934932
SRX7656030,0.6216523995000001
SRX7656031,0.1713061479
SRX7656032,0.1228833098
SRX7656033,-0.1429415444
SRX7656034,-0.1090056543
SRX7656035,0.5445281491
SRX7656036,-0.1335493664
SRX7656037,0.22986527610000002
SRX7656038,0.0930032474
SRX7656039,-0.0318915239
SRX7656040,-0.0015532063
SRX7656041,0.0334447302
SRX7656042,-1.0952876554
SRX7656043,-1.8083215873
SRX7656044,-1.5491250211
SRX7656045,-1.8985952958999999
SRX7656046,-1.421894762
SRX7656047,-1.9016645958
SRX7656048,-1.4873837239
SRX7656049,-0.8529470870000001
SRX7656050,-0.8321757202000001
SRX7656051,-1.2201742734
SRX7656052,-1.5128587076
SRX7656053,-0.8967706499
SRX7656054,0.7373544795
SRX7656055,0.9306344265000001
SRX7656056,0.7869399836000001
SRX7656057,0.8681980728
SRX7656058,0.6272805023
SRX7656059,0.6146956446
SRX7656060,0.9005205489
SRX7656061,0.6433411486
SRX7656062,0.7150722017000001
SRX7656063,0.4202043266
SRX7656064,0.47507339670000004
SRX7656065,0.4589624505
SRX7656066,1.3574818004
SRX7656067,1.1983707458
SRX7656068,1.2093290635
SRX7656069,0.8973759004
SRX7656070,1.1165763695
SRX7656071,0.7728393992
SRX7656072,1.0577708625
SRX7656073,0.6239873735
SRX7656074,1.2846153447
SRX7656075,-1.0748367975
SRX7656076,-0.4149311886
SRX7656077,-1.0118183316
SRX7656078,-0.9520261526
SRX7656079,-1.5820405592
SRX7656080,-0.2941333558
SRX7656081,-1.4004762042
SRX7656082,-0.8114361377
SRX7656083,-1.1875855872
SRX7656084,-1.1256437834
SRX7656085,-1.4325241452
SRX7656086,-0.5341906172
SRX7656087,-1.5724501763
SRX7656088,-2.1357846607
SRX7656089,-1.4650313213000001
SRX7656090,0.2423332639
SRX7656091,0.3543655043
SRX7656092,-0.0031242078
SRX7656093,0.19290774700000002
SRX7656094,0.1173407659
SRX7656095,0.0397424781
SRX7656096,0.0962624715
SRX7656097,0.2984903756
SRX7656098,-0.1382600743
SRX7656099,-0.2550801936
SRX7656100,-0.3994915625
SRX7656101,-0.5480496953
SRX7656102,-0.0341981779
SRX7656103,0.0522493558
SRX7656104,0.2725299922
SRX7656105,-0.5454672156
SRX7656106,-0.3467711517
SRX7656107,-0.901530017
SRX7656108,0.2864077572
SRX7656109,0.5337641321000001
SRX7656110,0.3355297255
SRX7656111,0.6560911558
SRX7656112,0.2699069291
SRX7656113,-0.0720524697
SRX7656114,0.45164440100000003
SRX7656115,0.2277560179
SRX7656116,0.303276588
SRX7656117,-0.960606096
SRX7656118,-0.7132772077
SRX7656119,-1.1609547346
SRX7656120,-0.0443705134
SRX7656121,-0.0400514804
SRX7656122,-0.0506944328
SRX7656123,-0.0659181706
SRX7656124,-0.2565902446
SRX7656125,-0.3137644156
SRX7656126,0.28569146500000003
SRX7656127,0.0847243454
SRX7656128,-0.6064757201000001
SRX7656129,-1.1897338621
SRX7656130,-1.4673268031
SRX7656131,-0.9147116406
SRX7656132,-0.8307281086
SRX7656133,-0.6823444469000001
SRX7656134,-0.8585644173
SRX7656135,-0.3599300911
SRX7656136,-0.29949871640000003
SRX7656137,-0.6132133670000001
SRX7656138,-0.7663777654
SRX7656139,-0.3831445834
SRX7656140,-0.7892892073000001
SRX7656141,-0.8597960455
SRX7656142,-1.0026826337
SRX7656143,-0.700998471
SRX7656144,-0.7200907945
SRX7656145,-1.375369139
SRX7656146,-0.8602927512
SRX5388319,-0.140050485
SRX5388320,0.0936349281
SRX5388321,0.0464155568
SRX5388322,-0.1484914453
SRX5388323,-0.036843636
SRX5388324,-0.14244873160000002
SRX5388325,-0.1952725673
SRX5388326,-0.2827724293
SRX5388327,-0.0002018245
SRX8708326,1.7247532105
SRX8708328,0.2608638902
SRX8708335,-0.0887066624
SRX8708336,-0.0680487315
SRX8708337,-0.1041084962
SRX8708338,0.3969379261
SRX8708339,0.4688481149
SRX8708340,0.4699607678
SRX8708365,1.8259535088
SRX8708366,1.8671541256
SRX8708368,1.8764966482
SRX8708369,0.07764300860000001
SRX8708370,0.3576135225
SRX8708371,0.1538251622
SRX4166001,-0.0336624728
SRX4166002,-0.20505962200000002
SRX4166003,0.2387220948
SRX4166004,1.3042090464
SRX4166005,0.9100766462000001
SRX4166006,0.4204184452
SRX4166007,0.895125394
SRX4166008,0.9407012336
SRX4166009,0.7955668589
SRX4166010,-0.49838654800000004
SRX4166011,-0.8149550940000001
SRX4166012,-0.5154292779
SRX5000481,-0.3150148853
SRX5000482,0.13065991700000001
SRX5000483,0.927245434
SRX5000484,-0.35789105730000004
SRX5000485,0.014773282
SRX5000486,0.031313439000000005
SRX5000487,0.2157978691
SRX5000488,0.5868090773
SRX5000489,0.0679154742
SRX5000490,0.2577580474
SRX5000491,0.4134704863
SRX5000492,2.2905383862
SRX5000493,0.9771324306
SRX5000494,0.7276840877
SRX5000495,2.3873646945
SRX5000496,2.6894555651000003
SRX5000497,-0.1203967221
SRX5000498,0.47700369740000004
SRX5000499,0.8828623586000001
SRX5000500,-0.3566069754
SRX5000501,0.2830066303
SRX5000502,-0.2790781197
SRX5000503,0.030286165
SRX5000504,-0.1426977755
SRX5000505,-0.1224508839
SRX5000506,-0.2181943477
SRX5000507,0.37938095650000003
SRX5000508,-0.13374251
SRX5000509,-0.18715884700000002
SRX5000510,-0.2427729271
SRX5000511,-0.5299241388
SRX5000512,-0.49846107800000006
SRX5000513,-0.2507206675
SRX5000514,-0.5334327025
SRX5000515,-0.2803366727
SRX5000516,0.0917264649
SRX4124772,-0.4182122525
SRX4124773,-0.3197400575
SRX4124774,-0.1290507085
SRX4124775,0.1290507085
SRX5323946,-0.030285767
SRX5323947,0.030285767
SRX5323948,0.7253089671
SRX5323949,0.3441477488
SRX5323950,0.4414320452
SRX5323951,0.4942497864
SRX5323952,-0.1197988031
SRX5323953,-0.2743148482
SRX5323954,0.10020108870000001
SRX5323955,0.135042259
DRX093856,0.0200875446
DRX093857,2.7805220006
DRX093858,2.9164363671
DRX093859,2.676866145
DRX093860,0.2600973173
DRX093861,-0.1042634486
DRX093862,3.1571117151
DRX093863,2.7568977551
DRX093864,2.2298270025
DRX093865,0.035442421200000004
DRX093866,0.08417590400000001
DRX093867,2.9540008106
DRX093868,2.7309672132
DRX093869,2.2929483515999998
DRX093870,0.0990055017
SRX6366242,-0.1450087237
SRX6366243,-0.3506038211
SRX6366244,-1.7974448600000001
SRX6366245,0.0339675349
SRX6366246,0.0418197526
SRX6366247,-0.9754481377
SRX6366248,-0.1095160622
SRX6366249,-0.49694252650000004
SRX6366250,-0.16139584140000002
SRX6366251,0.0023605555
SRX6366252,-0.0830944289
SRX6366253,0.0830944289
SRX254739,-4.0724431721
SRX254740,-4.3661915827
SRX254741,-4.2477048887
SRX254742,-4.202343878
SRX254743,-3.9354200697
SRX254744,-3.9832862345
SRX254745,-3.8184140974
SRX254746,-4.1002034481
SRX254747,-4.4437962187
SRX254748,-2.8142831662
SRX254749,-2.5325502123
SRX254750,-2.8915180986999998
SRX254751,-2.8224136785000002
SRX254752,-2.9544280611
SRX254753,-3.0439766727
SRX254754,-2.4321087915
SRX254755,-2.2273560781
SRX254756,-1.5690415436
SRX254757,-3.8166071663
SRX254758,-4.0947020174
SRX254759,-3.8611746467
SRX254760,-2.9556979550999998
SRX254761,-3.1724830679
SRX254762,-3.1591128807
SRX254763,-2.5625336854
SRX254764,-3.0929102908
SRX254765,-2.8389250715000003
SRX254766,-4.4124102679
SRX254767,-4.1340701325
SRX254768,-3.0289353562
SRX254772,0.5872835595
SRX254773,-1.1489736721
SRX254774,-1.0898850508
SRX254775,0.6676881754
SRX254776,-0.6057711572000001
SRX254777,2.3017484846
SRX254778,0.1241773723
SRX254779,-0.11258359400000001
SRX254780,-0.5850469988
SRX254781,1.7850063617
SRX254782,0.8911939179
SRX254783,2.027165616
SRX254784,2.2565818277
SRX254785,1.1698363033999999
SRX254786,1.0819662269
SRX7136401,0.3727934871
SRX7136403,-0.2504276267
SRX7136405,0.7542534032
SRX7136407,1.2305270499
SRX7136409,1.4464205925
SRX7136411,-0.1223658604
SRX3754949,0.0542761467
SRX3754950,-0.1204908546
SRX3754951,0.0662147079
SRX3754952,-0.0682576562
SRX3754953,-0.0332922313
SRX3754954,-0.0207476706
SRX3754955,-0.9333503505
SRX3754956,-0.9441196380000001
SRX3754957,-1.0050557188
SRX3754966,0.326344262
SRX3754967,0.37241546200000003
SRX3754969,0.3306195849
SRX1424798,-0.0937633024
SRX1424799,0.0937633024
SRX1424800,0.2691579314
SRX1424801,-0.22865988680000002
SRX1424802,0.6741702126
SRX1424803,0.2166750797
SRX1424804,0.7729383200000001
SRX1424805,0.6788981237
SRX1424806,-0.5894849215
SRX1424807,-1.0106788022
SRX1424808,0.8818398309000001
SRX1424809,1.2158169596
SRX1424816,-0.3332632713
SRX1424817,0.5211084655
SRX1424818,0.3703145382
SRX1424819,0.6872678508000001
SRX1424824,1.8408810176000001
SRX1424825,1.7987588571000002
SRX1424826,-1.0581272375
SRX1424827,-1.0414401178
SRX1424828,0.9768633407
SRX1424829,1.2085883586
SRX1424830,0.9507280784000001
SRX1424831,0.9797530573000001
SRX1424834,0.9159995214000001
SRX1424835,1.1475366857
SRX1424840,0.6367136329
SRX1424841,0.9806552348
SRX1424842,-0.0741085419
SRX1424843,-0.39003091430000003
SRX1424844,1.1392785715
SRX1424845,1.2918196772
SRX1424846,-0.3238322722
SRX1424847,0.18035313050000001
SRX5060277,1.3211788231
SRX5060279,2.0699218795
SRX5060281,-1.3211788231
SRX5060283,1.9667101783
SRX5936089,-0.0934875347
SRX5936090,-0.177147882
SRX5936091,-0.10506476000000001
SRX5936092,0.3757001767
SRX5936093,-0.610703199
SRX5936094,-1.0843111567000001
SRX5936095,-0.3247744542
SRX5936096,-0.1581902225
SRX5936097,0.3647065839
SRX5936098,0.2843615212
SRX5936099,0.7190314147
SRX5936100,0.7299515207
SRX5936101,0.2326307559
SRX5936102,0.3668404087
SRX5936103,0.20150839680000002
SRX5936104,0.4439675192
SRX5936105,-0.5493747718
SRX5936106,-0.2630453703
SRX5936107,-0.7862165779
SRX5936108,-0.5999945049000001
SRX5936109,-1.2606265315
SRX5936110,-1.1896483538
SRX5936111,-1.5196773151
SRX5936112,-1.4546272993
SRX5936113,-2.0348542323
SRX5936114,-2.0042293823
SRX5936115,-2.8898261457
SRX5936116,-2.46672043
SRX5936118,-2.6100063199
SRX5936119,-2.6457350029
SRX5936121,-2.4826384954
SRX5936122,-2.2638671837
SRX5936123,-2.4378742954
SRX5936124,-2.0568350781
SRX5936125,-2.3424001651
SRX5936126,-2.1098465863
SRX5936128,-1.3637799418
SRX5936129,-1.2227764689
SRX5936130,-2.0875295722
SRX5936131,-2.1367706337
SRX5936132,-0.9707749967
SRX5936133,-0.6093950558
SRX5936134,0.1694480062
SRX5936135,0.1565804693
SRX5936137,-0.24722976200000002
SRX5936138,0.2634978416
SRX5936139,-0.8169696746
SRX5936140,-0.8685861022
SRX5936141,-1.6004577862
SRX5936142,-1.2626818167
SRX5936143,-0.4924015249
SRX5936144,-0.5628650772
SRX8557650,0.0767551251
SRX8557651,-0.1060134353
SRX8557652,0.029258310200000002
SRX8557653,1.0805516436
SRX8557654,1.2154651378
SRX8557655,1.1604959965
SRX8557656,-0.0229379501
SRX8557657,0.39991717530000004
SRX8557658,0.364040012
SRX8557659,0.9215974555
SRX8557660,0.8490649967
SRX8557661,1.069130223
SRX8557662,0.0207989961
SRX8557663,0.2588512572
SRX8557664,0.0368809303
SRX8557665,0.3116270503
SRX8557666,-0.3546852848
SRX8557667,0.4670017088
SRX3405147,-0.4557961059
SRX3405148,-0.4362769744
SRX3405149,0.8920730803
SRX3405150,-0.6132214619
SRX3405151,0.2302962497
SRX3405152,-0.5955089247
SRX3405153,-0.8118457381
SRX3405154,-0.9456191746
SRX3405155,-0.6397349037
SRX3405156,-1.4584543191
SRX3405157,-0.8960492439000001
SRX312063,-0.7717030225
SRX312064,-0.36821025
SRX312065,-0.5795700778
SRX312066,-0.9583590567
SRX312067,-1.1081508046
SRX312068,-0.5418180201
SRX312069,-0.5443243048
SRX312070,-0.1132173909
SRX312071,0.1132173909
SRX312072,-1.2609168953
SRX312073,-1.0154194957
SRX312074,-0.0128089246
SRX312075,0.0014337581
SRX312076,-1.2991359551000001
ecoli_00001,-0.14560863000000002
ecoli_00002,0.14560863000000002
ecoli_00003,1.448248908
ecoli_00004,1.6646705320000001
ecoli_00005,-0.61818872
ecoli_00006,-0.593354783
ecoli_00007,1.689327616
ecoli_00008,1.648837614
ecoli_00009,-0.028028920000000002
ecoli_00010,0.028434224
ecoli_00011,0.7474951999999999
ecoli_00012,0.8168722730000001
ecoli_00014,0.7507154060000001
ecoli_00015,0.606039109
ecoli_00016,0.5564800670000001
ecoli_00017,0.743507553
ecoli_00018,0.6757653170000001
ecoli_00019,0.451128841
ecoli_00020,0.360127645
ecoli_00021,0.5404899390000001
ecoli_00022,0.50746345
ecoli_00023,0.321152046
ecoli_00024,0.268212742
ecoli_00025,0.33155876900000003
ecoli_00026,0.23762460900000001
ecoli_00027,0.740772269
ecoli_00028,0.91857645
ecoli_00029,0.7909140570000001
ecoli_00030,0.7418546570000001
ecoli_00031,1.056662873
ecoli_00032,1.133710993
ecoli_00033,0.9125707780000001
ecoli_00034,1.190348149
ecoli_00035,0.8176996270000001
ecoli_00036,0.752675339
ecoli_00037,1.111790147
ecoli_00038,1.114019311
ecoli_00039,-0.550399439
ecoli_00040,-0.6306285690000001
ecoli_00041,0.958123931
ecoli_00042,0.803567484
ecoli_00043,-0.438958585
ecoli_00044,-0.519255561
ecoli_00045,-1.078030108
ecoli_00046,-0.898418891
ecoli_00047,0.029705744000000003
ecoli_00048,-0.105739755
ecoli_00049,1.048243902
ecoli_00050,0.07292578400000001
ecoli_00051,0.024145209
ecoli_00052,0.37812529500000003
ecoli_00053,0.499374637
ecoli_00054,-0.11468708400000001
ecoli_00055,-0.255148719
ecoli_00056,-0.889824335
ecoli_00057,-0.774110358
ecoli_00058,-1.710138444
ecoli_00059,-1.9961886560000002
ecoli_00060,-0.601627251
ecoli_00061,-0.658227086
ecoli_00062,-0.911199195
ecoli_00063,-0.9560072970000001
ecoli_00064,2.994759691
ecoli_00065,3.131098489
ecoli_00066,3.413422332
ecoli_00067,3.473248677
ecoli_00068,0.050151583000000007
ecoli_00070,0.316099748
ecoli_00071,0.07784410900000001
ecoli_00072,0.544993024
ecoli_00073,-0.9795192540000001
ecoli_00074,0.059002861000000004
ecoli_00075,-0.837293177
ecoli_00077,0.092429515
ecoli_00078,-0.207499963
ecoli_00079,-1.037024302
ecoli_00080,-1.355713873
ecoli_00081,-0.287635337
ecoli_00082,-0.046850794
ecoli_00083,0.12380026400000001
ecoli_00084,-0.07512903600000001
ecoli_00085,-0.190430446
ecoli_00086,-0.328522026
ecoli_00087,-0.42300486400000004
ecoli_00088,0.441187484
ecoli_00089,0.42913478600000005
ecoli_00090,-0.16283640500000002
ecoli_00091,-0.0145159
ecoli_00092,0.26982867
ecoli_00093,0.5206241140000001
ecoli_00094,2.151835612
ecoli_00095,1.838345053
ecoli_00096,-0.22337196
ecoli_00097,-0.178372322
ecoli_00098,1.473595729
ecoli_00099,1.358384863
ecoli_00100,-0.398216652
ecoli_00101,-1.33397749
ecoli_00102,-1.212855519
ecoli_00103,-1.6373884680000002
ecoli_00104,-1.798525504
ecoli_00105,0.07755356000000001
ecoli_00106,-0.667315406
ecoli_00107,-0.6395322920000001
ecoli_00108,-0.325256302
ecoli_00109,-0.053006262000000005
ecoli_00110,0.428911739
ecoli_00111,0.665713852
ecoli_00112,0.408029177
ecoli_00113,-0.36851789
ecoli_00114,-0.46690258100000004
ecoli_00115,-0.40453577100000004
ecoli_00116,1.246411302
ecoli_00117,1.252864055
ecoli_00118,1.221486754
ecoli_00119,1.537903467
ecoli_00120,1.316644591
ecoli_00121,1.410945555
ecoli_00122,1.461574724
ecoli_00123,1.411207762
ecoli_00124,1.445068264
ecoli_00125,-2.586066724
ecoli_00126,-2.231226513
ecoli_00127,-2.667735265
ecoli_00128,-2.663951644
ecoli_00129,-2.738027832
ecoli_00130,-2.659399264
ecoli_00131,-2.796082818
ecoli_00132,0.26708162900000004
ecoli_00133,-1.481160163
ecoli_00134,-3.124588477
ecoli_00135,-2.384743224
ecoli_00136,-3.024368153
ecoli_00137,-2.052964054
ecoli_00138,-1.322749669
ecoli_00139,-2.816662694
ecoli_00140,-1.6009226970000001
ecoli_00141,-3.223096898
ecoli_00142,0.24128405700000002
ecoli_00143,-0.43293069
ecoli_00144,-0.128439667
ecoli_00145,-1.22114714
ecoli_00146,-2.432627959
ecoli_00147,-1.639357113
ecoli_00148,-1.107142557
ecoli_00149,-1.755424818
ecoli_00150,-1.086495931
ecoli_00151,-1.461487971
ecoli_00152,-2.478355894
ecoli_00153,-1.984915445
ecoli_00154,-1.7382416059999999
ecoli_00155,-1.700322487
ecoli_00157,-1.568382888
ecoli_00158,-1.6540184560000002
ecoli_00159,-3.000327602
ecoli_00160,-2.832563297
ecoli_00169,-1.967496692
ecoli_00170,-2.131989734
ecoli_00171,-1.109821335
ecoli_00172,-1.557227341
ecoli_00173,-0.99117528
ecoli_00174,-1.223205794
ecoli_00175,0.9257174770000001
ecoli_00176,0.8974837710000001
ecoli_00177,1.60441259
ecoli_00178,1.457270662
ecoli_00179,-1.473737847
ecoli_00180,-1.4490510680000002
ecoli_00181,-1.813985492
ecoli_00182,-2.051978838
ecoli_00183,-0.483990525
ecoli_00184,-0.5330355330000001
ecoli_00185,-1.333760561
ecoli_00186,-1.631849784
ecoli_00187,-0.101258818
ecoli_00188,0.227805006
ecoli_00189,-1.997379051
ecoli_00190,-1.691923521
ecoli_00191,-1.269893856
ecoli_00192,-1.20182389
ecoli_00193,-1.62063668
ecoli_00194,-1.1283881550000001
ecoli_00195,-2.383429869
ecoli_00196,-2.279644387
ecoli_00197,-1.729813194
ecoli_00198,-2.6868384130000003
ecoli_00199,-0.741079515
ecoli_00200,-1.273515653
ecoli_00201,-0.172600852
ecoli_00202,-0.25406370500000003
ecoli_00203,0.41048307
ecoli_00204,-0.29781076100000003
ecoli_00205,-0.278928084
ecoli_00206,-0.26240811
ecoli_00207,-0.912913245
ecoli_00208,-0.860640786
ecoli_00209,0.158353417
ecoli_00210,0.047981837000000006
ecoli_00211,-0.311440115
ecoli_00212,-0.250244497
ecoli_00213,-0.421267033
ecoli_00214,-0.70532763
ecoli_00215,-0.26537032800000004
ecoli_00216,-0.19812849300000002
ecoli_00217,-1.522827107
ecoli_00218,-1.096089923
ecoli_00219,-0.115297414
ecoli_00220,-0.260615384
ecoli_00221,0.189051195
ecoli_00222,-0.8812592260000001
ecoli_00223,0.106366654
ecoli_00224,0.025253967000000002
ecoli_00225,-0.271681807
ecoli_00226,-0.561233776
ecoli_00227,-0.7887851180000001
ecoli_00228,-0.7488716940000001
ecoli_00229,-0.40818304400000005
ecoli_00230,-0.321400366
ecoli_00231,-1.032236181
ecoli_00232,-0.874525242
ecoli_00233,-0.06515269900000001
ecoli_00234,-0.21061459500000002
ecoli_00235,-0.16672118200000002
ecoli_00236,0.08323099
ecoli_00237,-0.32435277300000004
ecoli_00238,-0.11073663
ecoli_00239,-0.861093117
ecoli_00240,-0.721152133
ecoli_00241,0.7156832230000001
ecoli_00242,0.15122827
ecoli_00243,-0.15950530200000002
ecoli_00244,-1.431959028
ecoli_00245,-1.217592961
ecoli_00246,-0.36491968900000005
ecoli_00247,-0.425096515
ecoli_00248,-0.352312512
ecoli_00249,-0.291727344
ecoli_00250,-0.467854751
ecoli_00251,-1.833947734
ecoli_00252,-1.271373576
ecoli_00253,-2.0897485590000002
ecoli_00254,-0.8935817370000001
ecoli_00255,0.643909411
ecoli_00256,1.135044345
ecoli_00257,0.267879864
ecoli_00258,0.255384692
ecoli_00259,0.829482822
ecoli_00260,0.630401011
ecoli_00261,-0.757692539
ecoli_00262,-0.757600456
ecoli_00263,-0.335634928
ecoli_00264,-0.6567650380000001
ecoli_00265,0.612309585
ecoli_00266,0.677271042
ecoli_00267,-1.460637523
ecoli_00268,-1.381377819
ecoli_00269,-2.828430159
ecoli_00270,-2.393288976
ecoli_00271,-2.231339481
ecoli_00272,-1.822646216
ecoli_00273,0.145022229
ecoli_00274,0.121636668
ecoli_00275,-0.416887226
ecoli_00276,-0.17621868300000001
ecoli_00277,-2.880175098
ecoli_00278,-3.050576445
ecoli_00279,-0.533182801
ecoli_00280,-0.420360873
ecoli_00281,-1.974535745
ecoli_00282,-1.086229125
ecoli_00283,-0.650608201
ecoli_00284,-0.41132941900000003
ecoli_00285,-2.120016737
ecoli_00286,-1.955071448
ecoli_00287,-0.584281369
ecoli_00288,-0.682414468
ecoli_00289,-1.089819773
ecoli_00290,-0.7971123090000001
ecoli_00291,0.18643816
ecoli_00292,-0.067794669
ecoli_00293,0.16009784900000001
ecoli_00294,0.301594582
ecoli_00295,-0.9645780620000001
ecoli_00296,-0.9169364860000001
ecoli_00297,0.186070214
ecoli_00298,0.327432814
ecoli_00299,-1.71009113
ecoli_00300,-1.830538518
ecoli_00301,-2.2827962790000003
ecoli_00302,-2.420982005
ecoli_00303,-0.604965347
ecoli_00304,-0.340910364
ecoli_00305,-0.635798434
ecoli_00306,-0.679174892
ecoli_00307,-0.292898043
ecoli_00308,-0.550184369
ecoli_00309,-0.48655332500000004
ecoli_00310,-0.304364852
ecoli_00311,-2.209408802
ecoli_00312,-1.626760851
ecoli_00313,-0.22889345400000002
ecoli_00314,-0.606099477
ecoli_00315,-0.45345562700000003
ecoli_00316,-0.590107378
ecoli_00317,-0.079291819
ecoli_00318,-0.052455403000000005
ecoli_00319,-1.210245797
ecoli_00320,-1.274652558
ecoli_00321,-1.215153709
ecoli_00322,-1.6195621070000001
ecoli_00323,-1.747570058
ecoli_00324,-1.3991584860000001
ecoli_00325,-1.638465038
ecoli_00326,-0.572994664
ecoli_00327,-1.334161814
ecoli_00328,-1.270895441
ecoli_00329,-1.2616117070000001
ecoli_00330,-0.9751426930000001
ecoli_00331,-2.064750782
ecoli_00332,-2.228530582
ecoli_00333,-2.13201102
ecoli_00334,-1.647034603
ecoli_00335,-2.7899468450000002
ecoli_00336,-2.022984736
ecoli_00337,-1.7903531140000002
ecoli_00338,-2.068793908
ecoli_00339,-2.608636109
ecoli_00340,-2.199960882
ecoli_00341,-2.653595019
ecoli_00342,-2.5998249270000002
ecoli_00343,-2.075024302
ecoli_00344,-2.409864795
ecoli_00345,-1.874871374
ecoli_00346,-1.9433522280000002
ecoli_00347,-0.8037669540000001
ecoli_00348,-0.46344365400000004
ecoli_00349,-1.709256058
ecoli_00350,-1.589607934
ecoli_00351,-0.480706081
ecoli_00352,-1.851599696
ecoli_00353,-1.659577869
ecoli_00354,-1.53443558
ecoli_00355,-0.331538426
ecoli_00356,-0.263047389
ecoli_00357,-0.74308156
ecoli_00358,-0.8587301220000001
ecoli_00359,-2.785150047
ecoli_00360,-2.67938578
ecoli_00361,-2.502448502
ecoli_00362,-3.283551937
ecoli_00363,1.1622294530000001
ecoli_00364,1.297531962
ecoli_00365,-4.328558495
ecoli_00366,-4.007109479
ecoli_00367,-3.9979027780000003
ecoli_00368,-3.59943358
ecoli_00369,0.7704997180000001
ecoli_00370,0.843930422
ecoli_00371,-3.828682702
ecoli_00372,-4.045585545
ecoli_00373,-3.784871869
ecoli_00374,-3.801521397
ecoli_00375,1.357494185
ecoli_00376,1.001708518
ecoli_00377,-3.250724112
ecoli_00378,-3.1993147730000002
ecoli_00379,-3.218388285
ecoli_00380,-3.18411546
ecoli_00381,1.364513045
ecoli_00382,1.119437263
ecoli_00383,-3.547628982
ecoli_00384,-3.205143409
ecoli_00385,-3.397296514
ecoli_00386,-3.115880111
ecoli_00387,1.6084797339999999
ecoli_00388,1.409554411
ecoli_00389,-3.016961342
ecoli_00390,-3.075176308
ecoli_00391,-3.246945393
ecoli_00392,-3.370927752
ecoli_00393,-3.263758598
ecoli_00394,-3.241930953
ecoli_00395,-3.410489292
ecoli_00396,-3.5736683559999998
ecoli_00397,-2.617597475
ecoli_00398,-2.264731882
ecoli_00399,-2.43904826
ecoli_00400,-2.412320481
ecoli_00401,-3.453806233
ecoli_00402,-3.059815227
ecoli_00403,-2.398366232
ecoli_00404,-2.393897364
ecoli_00405,-3.165558142
ecoli_00406,-3.264552262
ecoli_00407,-3.405839341
ecoli_00408,-2.9249612330000003
ecoli_00409,-3.333051287
ecoli_00410,-3.062684204
ecoli_00411,-3.50767183
ecoli_00412,-4.041057775
ecoli_00413,-3.4924604070000003
ecoli_00414,-3.355044795
ecoli_00415,-2.847879159
ecoli_00416,-2.927989185
ecoli_00417,-3.318940859
ecoli_00418,-3.402464616
ecoli_00419,-3.26133424
ecoli_00420,-3.327857535
ecoli_00421,-2.166517692
ecoli_00422,-2.470238698
ecoli_00423,-3.263549545
ecoli_00424,-3.553057915
ecoli_00425,-3.095257601
ecoli_00426,-3.287245583
ecoli_00427,-3.019167042
ecoli_00428,-3.117580073
ecoli_00429,-3.615420945
ecoli_00430,-3.102164559
ecoli_00431,-2.472919194
ecoli_00432,-2.769926325
ecoli_00433,-2.560100821
ecoli_00434,-2.551519216
ecoli_00435,-3.063395179
ecoli_00436,-3.317328904
ecoli_00437,-3.6139830120000003
ecoli_00438,-3.341962476
ecoli_00439,-1.999391406
ecoli_00440,-2.1806204080000002
ecoli_00441,-3.430167749
ecoli_00442,-3.053681492
ecoli_00443,-3.657736661
ecoli_00444,-3.420663065
ecoli_00445,-2.062369423
ecoli_00446,-2.640814088
ecoli_00447,-1.111398232
ecoli_00448,-1.20231625
ecoli_00449,0.117217861
ecoli_00450,0.12292561900000001
ecoli_00451,-1.286613789
ecoli_00452,-1.491246435
ecoli_00453,-0.194100518
ecoli_00454,-0.007510392
ecoli_00455,-0.997093734
ecoli_00456,-1.031221407
ecoli_00457,-0.5893176870000001
ecoli_00458,-0.711154269
ecoli_00459,-0.25701144200000003
ecoli_00460,-0.41016898500000004
ecoli_00461,-2.86666405
ecoli_00462,-2.988530334
ecoli_00463,-0.47244324200000004
ecoli_00464,-0.331533699
ecoli_00465,0.10245783600000001
ecoli_00466,0.131467681
ecoli_00467,-1.708622244
ecoli_00468,-1.864760213
ecoli_00469,0.27446491700000003
ecoli_00470,0.255192554
ecoli_00471,-3.106925783
ecoli_00472,-3.072598741
ecoli_00473,-0.334909359
ecoli_00474,-0.389037923
ecoli_00475,-0.8256184780000001
ecoli_00476,-0.6733893510000001
ecoli_00477,-1.9658150170000002
ecoli_00478,-1.5995802540000001
ecoli_00479,0.799723002
ecoli_00480,0.886406154
ecoli_00481,0.695456642
ecoli_00482,0.804463106
ecoli_00483,-0.042583408
ecoli_00484,-0.07004927100000001
ecoli_00485,-3.229970241
ecoli_00486,-3.040504497
ecoli_00487,-3.7539873630000002
ecoli_00488,-3.932661005
ecoli_00489,0.496215077
ecoli_00490,0.523167519
ecoli_00491,-2.254986452
ecoli_00492,-2.142040557
ecoli_00493,0.011322177000000001
ecoli_00494,0.058183490000000004
ecoli_00495,0.725137967
ecoli_00496,0.8926642090000001
ecoli_00497,0.304322093
ecoli_00498,0.201399598
ecoli_00499,0.743178204
ecoli_00500,0.793922878
ecoli_00501,-1.6191673990000002
ecoli_00502,-1.67395311
ecoli_00503,-3.045071549
ecoli_00504,-3.116274131
ecoli_00505,0.020343879000000002
ecoli_00506,-0.052765356000000006
ecoli_00507,-0.8791661660000001
ecoli_00508,-0.357598874
ecoli_00509,-0.44983901600000004
ecoli_00510,-0.6083054410000001
ecoli_00511,-2.415508077
ecoli_00512,-2.581493328
ecoli_00513,0.20626304
ecoli_00514,0.349171186
ecoli_00515,-1.068846636
ecoli_00516,-1.20029861
ecoli_00517,-0.502545325
ecoli_00518,-0.778439784
ecoli_00519,-0.9840167710000001
ecoli_00520,-1.046952209
ecoli_00521,-1.227016583
ecoli_00522,-1.523206481
ecoli_00523,-1.562961285
ecoli_00524,-0.385087946
ecoli_00525,-0.297686016
ecoli_00526,-0.375101856
ecoli_00527,-0.47298244800000006
ecoli_00528,0.66055314
ecoli_00529,-0.251712999
ecoli_00530,-2.143730448
ecoli_00531,-2.171299083
ecoli_00532,-1.9180226130000002
ecoli_00533,-1.9397421440000002
ecoli_00534,-1.5927314099999998
ecoli_00535,-1.905198054
ecoli_00536,-1.1642665380000001
ecoli_00537,0.295404143
ecoli_00538,-1.305426718
ecoli_00539,-1.018337505
ecoli_00540,0.42681929300000004
ecoli_00541,0.44502428400000005
ecoli_00542,0.846014841
ecoli_00543,0.8411596720000001
ecoli_00544,0.296764588
ecoli_00545,0.42122109999999996
ecoli_00546,-2.325217965
ecoli_00547,-1.8103534140000002
ecoli_00548,-2.317870312
ecoli_00549,-2.330779604
ecoli_00550,-1.967465408
ecoli_00551,-2.001434618
ecoli_00552,-2.151225429
ecoli_00553,-1.9142897030000001
ecoli_00554,-2.338179007
ecoli_00555,-2.448458241
ecoli_00556,-1.863244031
ecoli_00557,-1.690023267
ecoli_00558,-0.503708771
ecoli_00559,-0.575543109
ecoli_00560,-0.9364160090000001
ecoli_00561,-1.256146692
ecoli_00562,1.117395945
ecoli_00563,0.417587227
ecoli_00564,-1.313603783
ecoli_00565,-1.167078686
ecoli_00566,-2.131012326
ecoli_00567,-2.241167788
ecoli_00568,-1.939585431
ecoli_00569,-1.746401308
ecoli_00570,-1.730361336
ecoli_00571,-1.693930202
ecoli_00572,-1.408392241
ecoli_00573,-1.601197509
ecoli_00574,-2.273613344
ecoli_00575,-2.428934633
ecoli_00576,-1.2552130479999999
ecoli_00577,-0.89802602
ecoli_00578,-1.149434679
ecoli_00579,-0.9733919750000001
ecoli_00580,-1.686290996
ecoli_00581,-1.051078275
ecoli_00582,0.855533239
ecoli_00583,0.181550977
ecoli_00584,-1.74003322
ecoli_00585,-1.9833751140000002
ecoli_00586,-2.030955746
ecoli_00587,-1.461082184
ecoli_00588,-1.242315679
ecoli_00589,-1.236041212
ecoli_00590,1.118469758
ecoli_00591,1.044001984
ecoli_00592,-2.716413555
ecoli_00593,-2.698673735
ecoli_00594,-1.842737053
ecoli_00595,-2.071051002
ecoli_00596,-2.118295162
ecoli_00597,-1.437615016
ecoli_00598,-1.498293383
ecoli_00599,-1.08702552
ecoli_00600,-1.069371857
ecoli_00601,-1.030571362
ecoli_00602,-1.341748012
ecoli_00603,-1.5224406400000001
ecoli_00604,-0.97257747
ecoli_00605,-1.404893635
ecoli_00606,-1.7205488990000002
ecoli_00607,-1.663896055
ecoli_00608,-0.818339298
ecoli_00609,-0.585985148
ecoli_00610,-0.665744817
ecoli_00611,0.6349488510000001
ecoli_00612,-1.614584683
ecoli_00613,-1.9599649760000002
ecoli_00614,-2.212978381
ecoli_00615,-1.360728262
ecoli_00616,-1.7911524650000001
ecoli_00617,-1.9813242720000002
ecoli_00618,-2.001933622
ecoli_00619,-2.4030522100000002
ecoli_00620,0.9367972830000001
ecoli_00621,0.78287569
ecoli_00622,-1.018798174
ecoli_00623,-0.814073249
ecoli_00624,-1.488799355
ecoli_00625,-1.7271734150000002
ecoli_00626,-1.268592234
ecoli_00627,-1.201567453
ecoli_00628,-1.09371132
ecoli_00629,-1.5028516010000001
ecoli_00630,-0.490639706
ecoli_00631,-0.29275875300000004
ecoli_00632,-0.906649625
ecoli_00633,-0.8012720430000001
ecoli_00634,-1.037775923
ecoli_00635,-0.517639647
ecoli_00636,0.489008343
ecoli_00637,0.16537789
ecoli_00638,-0.9466525490000001
ecoli_00639,-0.756257009
ecoli_00640,0.017060573000000002
ecoli_00641,-0.062778279
ecoli_00642,-0.45866893000000003
ecoli_00643,-0.303191204
ecoli_00644,-0.296161147
ecoli_00645,-0.34147714
ecoli_00646,-0.93114482
ecoli_00647,-0.9026402130000001
ecoli_00648,-1.02360777
ecoli_00649,-1.078738135
ecoli_00650,-0.94159971
ecoli_00651,-1.08596245
ecoli_00652,0.957177818
ecoli_00653,0.918439372
ecoli_00654,-1.204447127
ecoli_00655,-1.376610605
ecoli_00656,-0.811494398
ecoli_00657,-0.694795735
ecoli_00658,-1.570362802
ecoli_00659,-2.05504837
ecoli_00660,-0.8129690740000001
ecoli_00661,-1.004024964
ecoli_00662,-1.7905020930000002
ecoli_00663,-1.484127966
ecoli_00664,-1.562104141
ecoli_00665,-1.5298053999999999
ecoli_00666,-0.776297348
ecoli_00667,-1.20444027
ecoli_00668,0.06637488100000001
ecoli_00669,-0.037485149
ecoli_00670,-0.385461822
ecoli_00671,-0.22610600900000002
ecoli_00672,-1.055168876
ecoli_00673,-1.102844927
ecoli_00674,-1.456104672
ecoli_00675,-1.459680276
ecoli_00676,-1.170823787
ecoli_00677,-1.055754828
ecoli_00678,0.087853447
ecoli_00679,0.166033921
ecoli_00680,-1.8133461020000001
ecoli_00681,-1.487040205
ecoli_00682,-0.832476395
ecoli_00683,-0.634605081
ecoli_00684,-1.461813567
ecoli_00685,-1.636586362
ecoli_00686,-2.4548861950000003
ecoli_00687,-2.8928028990000003
ecoli_00688,-1.893593781
ecoli_00689,-1.676318641
ecoli_00690,1.232903388
ecoli_00691,1.140015766
ecoli_00692,1.264247064
ecoli_00693,0.944306784
ecoli_00694,0.669673645
ecoli_00695,0.37745828800000003
ecoli_00696,0.875406942
ecoli_00697,0.9375657980000001
ecoli_00698,-2.013407146
ecoli_00699,-2.580954138
ecoli_00700,-1.312732177
ecoli_00701,-1.253295263
ecoli_00702,-1.543999568
ecoli_00703,-1.588993124
ecoli_00704,-1.1785644880000001
ecoli_00705,-1.247823122
ecoli_00706,-1.769777143
ecoli_00707,-1.6681606
ecoli_00708,-1.2812105470000001
ecoli_00709,-1.208460824
ecoli_00710,-0.729313544
ecoli_00711,-1.147933424
ecoli_00712,-0.70444352
ecoli_00713,-0.45518447900000003
ecoli_00714,0.749577233
ecoli_00715,0.706371772
ecoli_00716,-1.6722698450000002
ecoli_00717,-2.039293597
ecoli_00718,-1.910208913
ecoli_00719,-1.7265493200000002
ecoli_00720,-1.907639084
ecoli_00721,-1.761172804
ecoli_00722,0.20547241600000002
ecoli_00723,0.256878159
ecoli_00724,-0.697918613
ecoli_00725,-0.319595546
ecoli_00727,0.9342013330000001
ecoli_00728,-0.5381666900000001
ecoli_00729,-0.059562411
ecoli_00730,-0.636264903
ecoli_00731,-0.881395024
ecoli_00732,-0.408826487
ecoli_00733,-0.706389259
ecoli_00734,-1.009180508
ecoli_00735,-1.271464472
ecoli_00736,-0.757691259
ecoli_00737,-1.423678018
ecoli_00738,-0.8898698180000001
ecoli_00739,-1.884771834
ecoli_00740,-1.574820555
ecoli_00741,0.43100156
ecoli_00742,0.061646353
ecoli_00743,0.277226054
ecoli_00744,0.052008932
ecoli_00745,-0.17632683400000002
ecoli_00746,-0.117359689
ecoli_00747,-0.402182107
ecoli_00748,-0.34623785100000004
ecoli_00749,-0.33355478
ecoli_00750,-0.22750735900000002
ecoli_00751,0.7722413760000001
ecoli_00752,0.554143614
ecoli_00753,-0.824464649
ecoli_00754,-0.7426473570000001
ecoli_00755,-1.546011203
ecoli_00756,-1.193231666
ecoli_00757,-1.628740932
ecoli_00758,-1.667270497
ecoli_00759,0.20344013300000002
ecoli_00760,0.7338914510000001
ecoli_00761,-1.5562378520000002
ecoli_00762,-1.530384776
ecoli_00763,-1.702440809
ecoli_00764,-1.7347862630000002
ecoli_00765,-1.3617211
ecoli_00766,-1.360803928
ecoli_00767,-0.554166436
ecoli_00768,0.42245114300000003
ecoli_00769,-0.819284831
ecoli_00770,-0.512123102
ecoli_00771,-0.28157375300000004
ecoli_00772,-0.81519455
ecoli_00773,-0.63926587
ecoli_00774,-0.43423957
ecoli_00775,-0.9851129
ecoli_00776,-0.924489565
ecoli_00777,-2.345825594
ecoli_00778,-2.701525882
ecoli_00779,-1.139109909
ecoli_00780,-1.199048642
ecoli_00781,-2.8365140220000002
ecoli_00782,-3.299246636
ecoli_00783,-2.105655764
ecoli_00784,-2.36517136
ecoli_00785,-2.767025549
ecoli_00786,-2.7544675180000002
ecoli_00787,-1.728476509
ecoli_00788,-1.580220261
ecoli_00789,-3.111663625
ecoli_00790,-2.60892856
ecoli_00791,-0.6129303540000001
ecoli_00792,0.0380232
ecoli_00793,-2.688530354
ecoli_00794,-2.356706893
ecoli_00795,-1.383139353
ecoli_00796,-1.236874581
ecoli_00797,0.19162252200000002
ecoli_00798,0.294501043
ecoli_00799,-0.639164733
ecoli_00800,-0.147650529
ecoli_00818,-0.629624445
ecoli_00819,-0.447559839
ecoli_00820,-1.300381255
ecoli_00821,-1.296246727
ecoli_00822,-0.147342574
ecoli_00823,-0.055979259
ecoli_00824,-0.07968549300000001
ecoli_00825,-0.043399678000000004
ecoli_00826,-0.580492152
ecoli_00827,-0.837763747
ecoli_00828,-1.309161139
ecoli_00829,-1.252584967
ecoli_00830,-0.45982506300000003
ecoli_00831,-0.39998664100000003
ecoli_00832,-0.12425433400000001
ecoli_00833,0.327688021
ecoli_00834,-0.559658701
ecoli_00835,-0.396992661
ecoli_00836,-0.55104212
ecoli_00837,-0.6979454900000001
ecoli_00838,-0.314787333
ecoli_00839,-0.16657287
ecoli_00840,0.018094787
ecoli_00841,-0.29562871
ecoli_00842,-0.523653314
ecoli_00843,-0.795785913
ecoli_00844,-0.31189060900000004
ecoli_00845,-0.845217992
