,b0129
p1k_00001,0.06367619699999949
p1k_00002,-0.06367619700000038
p1k_00003,0.10172437499999988
p1k_00004,0.2340405489999995
p1k_00005,-0.14202187800000002
p1k_00006,-0.48931107700000004
p1k_00007,0.12377941100000013
p1k_00008,0.12023215500000005
p1k_00009,-0.340301051
p1k_00010,-0.011349632000000831
p1k_00011,-0.06508109500000002
p1k_00012,0.4769994369999999
p1k_00014,0.25315967500000003
p1k_00015,0.2552385819999996
p1k_00016,0.3161926340000001
p1k_00017,0.4071994749999997
p1k_00018,0.05505085899999962
p1k_00019,-0.2689094970000001
p1k_00020,0.027120696999999968
p1k_00021,-0.1893078299999993
p1k_00022,0.08882226500000012
p1k_00023,-0.7441847340000001
p1k_00024,-0.6538760420000003
p1k_00025,-0.5935087779999999
p1k_00026,0.09680036899999944
p1k_00027,0.22519058899999944
p1k_00028,0.2265949450000013
p1k_00029,0.011863797000000176
p1k_00030,0.18975015099999928
p1k_00031,-0.18118748200000034
p1k_00032,0.09086686299999958
p1k_00033,0.8181310509999999
p1k_00034,0.16805339899999971
p1k_00035,0.0688731029999996
p1k_00036,0.15399442100000016
p1k_00037,0.3671754819999995
p1k_00038,-0.20577113
p1k_00039,-0.2977074430000002
p1k_00040,-0.15455081099999998
p1k_00041,-0.02423205300000042
p1k_00042,-0.1278875390000005
p1k_00043,-0.959853313
p1k_00044,-0.4284303410000003
p1k_00045,-1.0492184510000002
p1k_00046,-0.35831891900000024
p1k_00047,-0.8361407880000002
p1k_00048,-0.0612061439999998
p1k_00049,-0.17543263600000006
p1k_00050,0.6295091749999999
p1k_00051,0.4927686709999994
p1k_00052,0.8141432940000001
p1k_00053,0.5804202439999999
p1k_00054,2.8349748829999992
p1k_00055,2.64855241
p1k_00056,2.1172440750000003
p1k_00057,2.2897306460000006
p1k_00058,1.3454142839999994
p1k_00059,1.0869674590000002
p1k_00060,0.07477209999999967
p1k_00061,0.2576707599999999
p1k_00062,1.368572811
p1k_00063,1.3460483939999994
p1k_00064,0.2618841959999996
p1k_00065,-0.07334466899999993
p1k_00066,-0.07089805599999988
p1k_00067,-0.19427061400000006
p1k_00068,1.433882675000001
p1k_00070,0.5085511949999999
p1k_00071,0.0313387779999994
p1k_00072,0.4341526130000002
p1k_00073,0.8253190520000002
p1k_00074,1.8492805089999989
p1k_00075,1.725843181
p1k_00077,1.4098302429999985
p1k_00078,1.5718039589999997
p1k_00079,1.432000505000001
p1k_00080,1.4783689379999982
p1k_00081,-0.10982153100000057
p1k_00082,2.381033749
p1k_00083,2.3851090150000003
p1k_00084,1.362380191999999
p1k_00085,1.309649296
p1k_00086,1.6390314630000002
p1k_00087,1.7317844069999992
p1k_00088,0.1953139730000002
p1k_00089,0.22449652600000025
p1k_00090,-0.01400743399999982
p1k_00091,0.1333065729999996
p1k_00092,2.597608016000001
p1k_00093,0.30347300599999993
p1k_00094,1.167076004
p1k_00095,0.9847826009999999
p1k_00096,1.156413262
p1k_00097,1.004318971
p1k_00098,0.8254853369999999
p1k_00099,1.121115359
p1k_00100,0.38344785700000017
p1k_00101,-0.10859290500000007
p1k_00102,0.1495452979999996
p1k_00103,0.19301434199999967
p1k_00104,0.08031981199999992
p1k_00105,0.7664603919999999
p1k_00106,0.8470831219999999
p1k_00107,1.08558881
p1k_00108,1.4814309349999997
p1k_00109,1.4233649129999997
p1k_00110,-0.8583213700000001
p1k_00111,-0.17263176100000033
p1k_00112,-0.5385750840000001
p1k_00113,0.4699083989999995
p1k_00114,0.14221710799999965
p1k_00115,0.20529549699999985
p1k_00116,0.03630146700000037
p1k_00117,-0.2285299710000004
p1k_00118,-0.015186249000000096
p1k_00119,0.06024214199999989
p1k_00120,-0.377346175
p1k_00121,-0.08226655999999988
p1k_00122,-0.2709068120000002
p1k_00123,-0.94560733
p1k_00124,-0.040604441000000165
p1k_00125,0.772591094
p1k_00126,0.06361573000000131
p1k_00127,0.3619004400000003
p1k_00128,-0.43137485600000014
p1k_00129,1.6402687160000005
p1k_00130,1.2550687929999995
p1k_00131,0.975898687
p1k_00132,0.5451644589999995
p1k_00133,2.8109548069999994
p1k_00134,0.13422161100000007
p1k_00135,0.276968492
p1k_00136,1.0997330319999996
p1k_00137,-0.039162943000000006
p1k_00138,1.5357647449999998
p1k_00139,1.175168589
p1k_00140,-0.32067632300000026
p1k_00141,1.6828475879999996
p1k_00142,1.6396827199999997
p1k_00143,0.28923897000000043
p1k_00144,2.967555103
p1k_00145,2.5020810960000004
p1k_00146,2.062838685
p1k_00147,1.3630840389999994
p1k_00148,1.9969368760000004
p1k_00149,2.036463739
p1k_00150,1.6474358750000002
p1k_00151,2.668645196999999
p1k_00152,2.764168482
p1k_00153,1.61581141
p1k_00154,1.7503794050000003
p1k_00155,1.0162223479999994
p1k_00157,1.5911189229999998
p1k_00158,3.0287252739999997
p1k_00159,1.0764483230000002
p1k_00160,0.6419530550000001
p1k_00161,-0.693994703
p1k_00162,-0.11391402000000014
p1k_00163,-0.26479267500000025
p1k_00164,-0.229376668
p1k_00165,1.829508635
p1k_00166,1.4066454999999998
p1k_00167,2.4263562359999997
p1k_00168,2.3556624589999995
p1k_00169,-0.027558197000000284
p1k_00170,-0.5092773040000003
p1k_00171,0.8608928640000002
p1k_00172,0.7204224190000001
p1k_00173,-0.6904446330000003
p1k_00174,-0.543816681
p1k_00175,-0.03141227400000002
p1k_00176,-0.01575138200000037
p1k_00177,-0.1558442320000002
p1k_00178,-0.228614769
p1k_00179,1.1751489460000002
p1k_00180,1.0785911720000003
p1k_00181,0.06311190799999977
p1k_00182,0.014550106999999812
p1k_00183,0.30170964499999986
p1k_00184,0.7217488650000004
p1k_00185,-0.026628094000000324
p1k_00186,0.0006309059999995982
p1k_00187,0.4067281620000003
p1k_00188,-0.07062053499999976
p1k_00189,-0.5191081940000002
p1k_00190,0.1669965229999999
p1k_00191,0.960923275
p1k_00192,0.38294723100000017
p1k_00193,1.3827983039999996
p1k_00194,1.403445425
p1k_00195,0.0813901760000002
p1k_00196,-0.08092090999999968
p1k_00197,0.9198328589999996
p1k_00198,0.2674490479999996
p1k_00199,1.2145802139999995
p1k_00200,1.1351102079999995
p1k_00201,-0.07929604600000051
p1k_00202,-0.21917689900000026
p1k_00203,0.08621535400000012
p1k_00204,0.1475720109999994
p1k_00205,1.5850282350000002
p1k_00206,1.1772867959999995
p1k_00207,-0.07358914900000002
p1k_00208,-0.3526762030000001
p1k_00209,0.8458364859999996
p1k_00210,1.2794710880000002
p1k_00211,0.2893653519999999
p1k_00212,0.07749958600000006
p1k_00213,-0.008523652000000048
p1k_00214,-0.144634629
p1k_00215,0.12571547699999994
p1k_00216,0.13782452799999945
p1k_00217,1.3260470670000002
p1k_00218,1.7980752339999997
p1k_00219,0.3983535790000001
p1k_00220,0.1887280320000002
p1k_00221,0.4010158720000003
p1k_00222,0.03230527100000025
p1k_00223,-0.15846816900000027
p1k_00224,-0.047795947000000005
p1k_00225,0.3128561249999997
p1k_00226,0.3214687270000001
p1k_00227,-0.06787429900000053
p1k_00228,0.024753120999999826
p1k_00229,1.7363122999999998
p1k_00230,1.498319326999999
p1k_00231,0.8134011509999999
p1k_00232,0.9073560990000002
p1k_00233,2.12937217
p1k_00234,1.3809899989999996
p1k_00235,1.784665984
p1k_00236,0.918862313
p1k_00237,0.3364301940000001
p1k_00238,3.0492031579999983
p1k_00239,2.9162454220000003
p1k_00240,2.8680489710000003
p1k_00241,0.8921004320000003
p1k_00242,1.0201900889999995
p1k_00243,0.1661395050000003
p1k_00244,0.45379478
p1k_00245,1.6404309479999997
p1k_00246,1.697440126
p1k_00247,2.631838749
p1k_00248,2.9830116710000003
p1k_00249,2.2109729029999987
p1k_00250,2.562372459
p1k_00251,1.931749210000001
p1k_00252,2.05755558
p1k_00253,1.4247185269999996
p1k_00254,1.873988149
p1k_00255,0.7513037629999992
p1k_00256,1.0540540059999994
p1k_00257,-0.18627452300000025
p1k_00258,0.186860587
p1k_00259,2.0248565590000003
p1k_00260,2.05963557
p1k_00261,1.7727323300000002
p1k_00262,1.7075108930000005
p1k_00263,0.2436549579999996
p1k_00264,-0.12910932299999978
p1k_00265,0.07659425399999975
p1k_00266,0.2815943689999996
p1k_00267,0.18005356299999953
p1k_00268,0.12502596299999968
p1k_00269,-0.290822763
p1k_00270,-0.022944359000000247
p1k_00271,1.4423640879999995
p1k_00272,1.365069008
p1k_00273,-0.7370940149999998
p1k_00274,-2.170374065
p1k_00275,-0.12175544900000013
p1k_00276,-0.0006135949999999112
p1k_00277,0.044178998999999664
p1k_00278,-0.3482178290000002
p1k_00279,1.0202310050000003
p1k_00280,0.7748723459999995
p1k_00281,0.7633127579999996
p1k_00282,0.9958111079999998
p1k_00283,-0.1205456429999998
p1k_00284,-0.046203803000000036
p1k_00285,0.02925250599999973
p1k_00286,0.14397181599999964
p1k_00287,-0.023145692000000828
p1k_00288,-0.12663897000000013
p1k_00289,-0.6740541279999999
p1k_00290,-0.7724390099999998
p1k_00291,0.010699756000000171
p1k_00292,0.15734688499999994
p1k_00293,-0.3323798370000004
p1k_00294,-0.6639636110000002
p1k_00295,-0.054585417000000185
p1k_00296,0.9868185130000002
p1k_00297,-0.13688011300000014
p1k_00298,-0.007204495999999948
p1k_00299,1.4989639179999994
p1k_00300,1.3994991
p1k_00301,1.8484654539999996
p1k_00302,1.7855290439999996
p1k_00303,2.11518082
p1k_00304,2.31513014
p1k_00305,2.498162589
p1k_00306,1.7680362260000004
p1k_00307,-0.18402534100000034
p1k_00308,-0.12397521000000022
p1k_00309,1.6904377300000002
p1k_00310,1.7815284560000002
p1k_00311,1.812748523
p1k_00312,1.524232916
p1k_00313,-0.5231024329999999
p1k_00314,0.10649583799999984
p1k_00315,2.043048785
p1k_00316,1.888357826
p1k_00317,-0.07372996700000023
p1k_00318,-0.03264444700000002
p1k_00319,0.04775428199999965
p1k_00320,0.3007744450000001
p1k_00321,0.5101492819999995
p1k_00322,0.5320637589999997
p1k_00323,0.9215307979999992
p1k_00324,0.8797998050000002
p1k_00325,1.0504200089999998
p1k_00326,1.0997309939999995
p1k_00327,1.0276993689999996
p1k_00328,0.6185955629999995
p1k_00329,0.060181892000000126
p1k_00330,0.04168161399999981
p1k_00331,0.5918802579999998
p1k_00332,0.5689393629999993
p1k_00333,-0.30249672200000033
p1k_00334,0.056580904999999675
p1k_00335,-0.07664308900000005
p1k_00336,-0.11809608600000045
p1k_00337,0.7979149769999996
p1k_00338,1.1129941619999997
p1k_00339,0.8821319120000002
p1k_00340,0.7850381070000001
p1k_00341,0.4386011479999992
p1k_00342,0.2674119379999995
p1k_00343,0.27709277399999976
p1k_00344,0.5136970429999996
p1k_00345,1.0242245559999998
p1k_00346,0.5127529309999996
p1k_00347,0.34126252400000023
p1k_00348,0.13810526799999945
p1k_00349,0.4577540500000001
p1k_00350,0.4781889189999999
p1k_00351,0.7842519189999999
p1k_00352,0.7898009000000004
p1k_00353,0.663562121
p1k_00354,0.4865944879999997
p1k_00355,0.7103474370000002
p1k_00356,0.7296791759999994
p1k_00357,0.5827797979999998
p1k_00358,0.24372267799999925
p1k_00359,0.4761139379999992
p1k_00360,-0.015187748999999863
p1k_00361,0.47223113
p1k_00362,0.3354785659999999
p1k_00363,0.7083904900000002
p1k_00364,0.4980507950000002
p1k_00365,0.4415323219999996
p1k_00366,0.16047353799999975
p1k_00367,0.21873049199999967
p1k_00368,0.497476388
p1k_00369,0.9486061169999996
p1k_00370,0.766029498
p1k_00371,0.6251570939999995
p1k_00372,1.1518515139999996
p1k_00373,1.3575451719999991
p1k_00374,1.3953458490000001
p1k_00375,1.261342365
p1k_00376,0.9558600300000002
p1k_00377,1.2727867039999996
p1k_00378,1.5577977160000005
p1k_00379,0.7299359699999997
p1k_00380,0.722132212
p1k_00381,0.5724613119999997
p1k_00382,0.625307651
p1k_00383,1.2710789900000004
p1k_00384,0.8912339290000002
p1k_00385,0.7213325959999999
p1k_00386,0.8057841699999999
p1k_00387,-0.09841472799999984
p1k_00388,-0.10416527200000036
p1k_00389,-0.07983658200000042
p1k_00390,-0.619171906
p1k_00391,0.7550814719999996
p1k_00392,1.0457775429999998
p1k_00393,-0.07195271400000003
p1k_00394,0.16035264100000024
p1k_00395,-0.4932627680000001
p1k_00396,-0.3628657300000002
p1k_00397,0.5746090820000003
p1k_00398,0.537559581
p1k_00399,0.4018915999999999
p1k_00400,0.37289455400000016
p1k_00401,0.15627450299999968
p1k_00402,-0.07343591400000005
p1k_00403,0.9673438230000002
p1k_00404,0.2604627590000001
p1k_00405,-0.26033603900000024
p1k_00406,-0.3801100200000001
p1k_00407,-0.040534988000000105
p1k_00408,-0.4790069730000002
p1k_00409,0.6694015459999996
p1k_00410,0.5536294119999994
p1k_00411,0.3200968150000003
p1k_00412,0.5131881639999998
p1k_00413,0.4439820900000005
p1k_00414,0.2712846600000001
p1k_00415,1.2652011079999994
p1k_00416,1.347573154
p1k_00417,-0.36444981200000015
p1k_00418,0.22613109399999945
p1k_00419,-0.606356543
p1k_00420,-0.21054232500000006
p1k_00421,-0.05052816300000007
p1k_00422,-0.4802732090000004
p1k_00423,-0.3579429260000002
p1k_00424,-0.042034621
p1k_00425,0.8926216470000004
p1k_00426,0.5277313540000002
p1k_00427,0.6452977309999994
p1k_00428,0.14742994900000014
p1k_00429,-0.22293386900000026
p1k_00430,-0.04560561800000063
p1k_00431,-0.0790087590000006
p1k_00432,0.008614457999999381
p1k_00433,1.0023569339999998
p1k_00434,1.1642954689999998
p1k_00435,-0.1636999170000002
p1k_00436,-0.07349175600000013
p1k_00437,-0.27605354600000004
p1k_00438,-0.4060679270000001
p1k_00439,0.4947106950000002
p1k_00440,0.8650903329999995
p1k_00441,0.2618609950000001
p1k_00442,0.2899927849999999
p1k_00443,0.3764595569999996
p1k_00444,0.4236621539999996
p1k_00445,0.355537794
p1k_00446,0.20566649399999992
p1k_00447,0.3631166739999996
p1k_00448,-0.4347290070000001
p1k_00449,2.006237066999999
p1k_00450,1.898827548
p1k_00451,1.6948067510000009
p1k_00452,1.5026304989999997
p1k_00453,1.8524451760000007
p1k_00454,1.803499824
p1k_00455,4.2979703350000005
p1k_00456,4.139260159999999
p1k_00457,2.515453229
p1k_00458,2.301996293
p1k_00459,1.6188885329999998
p1k_00460,1.455208666
p1k_00461,3.107025695
p1k_00462,3.1229086230000003
p1k_00463,1.2947824369999994
p1k_00464,1.226484201
p1k_00465,4.011662877999998
p1k_00466,3.992816546999999
p1k_00467,2.6745246110000007
p1k_00468,2.551258907
p1k_00469,1.606890365
p1k_00470,1.6882699949999995
p1k_00471,2.668040985
p1k_00472,2.7421468110000005
p1k_00473,0.32375496899999945
p1k_00474,0.2956578629999997
p1k_00475,0.012043400999999676
p1k_00476,0.3767569110000002
p1k_00477,1.398038131999999
p1k_00478,1.1601256939999995
p1k_00479,-0.5706867730000003
p1k_00480,-0.6870406170000001
p1k_00481,4.122583388999999
p1k_00482,4.143541668999998
p1k_00483,3.1073337610000005
p1k_00484,3.106968924
p1k_00485,1.6830836099999995
p1k_00486,1.6103551930000002
p1k_00487,1.8253027089999991
p1k_00488,1.763455571999999
p1k_00489,0.3732570129999999
p1k_00490,0.27097857299999983
p1k_00491,1.7631651139999995
p1k_00492,1.957719457
p1k_00493,0.019762616999999597
p1k_00494,0.238363068
p1k_00495,2.666879659
p1k_00496,2.828225273
p1k_00497,3.820326524
p1k_00498,3.868697606
p1k_00499,1.7960809359999999
p1k_00500,1.7098877850000005
p1k_00501,1.6001181449999995
p1k_00502,1.7995771019999998
p1k_00503,2.007134553
p1k_00504,1.945926448
p1k_00505,-0.4473514650000001
p1k_00506,-0.3063387200000003
p1k_00507,1.868134283
p1k_00508,1.7692127819999994
p1k_00509,1.5740222890000002
p1k_00510,1.484217299
p1k_00612,-0.19806951000000028
p1k_00613,-0.40170443600000016
p1k_00614,0.9191072059999996
p1k_00615,0.8093510410000002
p1k_00558,-0.08195205600000044
p1k_00559,-0.07279350299999976
p1k_00562,-0.05263521400000037
p1k_00563,-0.5013950840000003
p1k_00564,0.07372298299999969
p1k_00565,-0.0754706220000001
p1k_00566,0.6658677129999999
p1k_00567,0.5667982670000002
p1k_00540,0.5658307389999999
p1k_00541,0.8642956039999996
p1k_00542,0.9705233
p1k_00543,1.0800873179999997
p1k_00544,1.2147060620000003
p1k_00545,1.2324312529999997
p1k_00546,1.2520971490000001
p1k_00547,1.2583991660000002
p1k_00548,1.6758882789999996
p1k_00549,1.4557179749999998
p1k_00550,1.8286559629999992
p1k_00551,1.6075139690000002
p1k_00568,1.6327707829999998
p1k_00569,1.3979751939999998
p1k_00570,1.6855486510000004
p1k_00571,1.6828724350000002
p1k_00572,1.5705959589999994
p1k_00573,1.9508498729999992
p1k_00574,1.6742700330000002
p1k_00575,1.5813554280000002
p1k_00586,1.4563261910000005
p1k_00587,1.47979063
p1k_00588,1.3051235079999994
p1k_00589,1.367041005
p1k_00590,1.6066492810000002
p1k_00591,1.394574554
p1k_00592,2.234178834
p1k_00593,2.556721104
p1k_00576,-0.08170418499999865
p1k_00577,0.37714264500000017
p1k_00578,1.126499301
p1k_00579,0.7219436879999996
p1k_00582,0.18981660399999975
p1k_00583,0.086289281
p1k_00584,1.4558920179999992
p1k_00585,1.4673289450000002
p1k_00511,1.091365217
p1k_00512,1.078938858
p1k_00513,1.37359791
p1k_00514,1.0494689269999995
p1k_00515,1.3676263300000002
p1k_00516,1.28619473
p1k_00517,1.4725863579999985
p1k_00600,1.252454876999999
p1k_00601,2.003981845
p1k_00602,1.7120393440000001
p1k_00603,2.05620267
p1k_00604,2.098134629
p1k_00605,1.980923634
p1k_00606,2.440977749
p1k_00607,2.149873353
p1k_00608,1.9790514740000005
p1k_00609,2.35393487
p1k_00610,2.268375176
p1k_00611,1.9128287529999997
p1k_00552,1.2031835089999996
p1k_00553,1.5316195649999995
p1k_00554,1.6826013879999993
p1k_00555,1.428020745000001
p1k_00556,1.482942346999999
p1k_00557,0.6456599789999995
p1k_00594,0.6479549220000003
p1k_00595,0.938934539
p1k_00596,1.2553054010000002
p1k_00597,1.2801442720000002
p1k_00598,1.3858785419999995
p1k_00599,1.2590479319999996
p1k_00518,-0.08911772100000004
p1k_00519,0.05604185500000014
p1k_00520,0.07804804199999983
p1k_00521,-0.935034984
p1k_00522,1.1919436340000005
p1k_00523,1.3223952600000013
p1k_00524,1.2837445
p1k_00525,0.7140793129999992
p1k_00526,0.7823294130000003
p1k_00527,1.0736300930000002
p1k_00528,0.3396665589999994
p1k_00529,0.8543495079999994
p1k_00530,1.2726965339999996
p1k_00531,1.357328565000001
p1k_00532,1.3579019129999992
p1k_00533,1.6084247809999999
p1k_00534,2.184761287
p1k_00535,2.100037906999999
p1k_00536,2.173707357
p1k_00537,2.298512495
p1k_00538,1.7607574779999997
p1k_00539,1.9638393900000013
p1k_00616,0.39032158100000025
p1k_00617,0.4337182620000002
p1k_00618,1.524624671999999
p1k_00619,1.491801595
p1k_00620,0.04514011299999954
p1k_00621,0.3073239449999994
p1k_00622,2.649950505
p1k_00623,2.7592671660000003
p1k_00624,0.26193120199999953
p1k_00625,0.06159369600000009
p1k_00626,0.4588626629999997
p1k_00627,0.6631875469999997
p1k_00628,0.29800206699999965
p1k_00629,0.1976643039999999
p1k_00630,0.7091990399999997
p1k_00631,0.5748987850000002
p1k_00632,0.3117648690000001
p1k_00633,0.3393061789999994
p1k_00634,1.804393369
p1k_00635,2.3897851789999995
p1k_00636,0.3024787269999996
p1k_00637,0.20864019299999992
p1k_00638,0.3398763589999998
p1k_00639,0.30773902500000005
p1k_00640,0.5944857489999995
p1k_00641,1.0379888879999992
p1k_00642,0.5106478829999999
p1k_00643,0.5940783419999995
p1k_00644,0.41177432000000014
p1k_00645,0.6991856179999996
p1k_00646,1.0269929609999997
p1k_00647,0.646028694
p1k_00648,0.9685315660000002
p1k_00649,1.5314484819999992
p1k_00650,0.16007209400000022
p1k_00651,0.31022682800000023
p1k_00652,0.5311319330000002
p1k_00653,0.9957645629999998
p1k_00654,1.3264632829999998
p1k_00655,1.604792219
p1k_00656,0.4080853219999998
p1k_00657,0.12205623199999938
p1k_00658,2.438616224
p1k_00659,2.341300829
p1k_00660,0.6239886109999997
p1k_00661,1.5373492860000004
p1k_00662,2.5955566039999995
p1k_00663,0.8938440710000002
p1k_00664,0.2042927360000002
p1k_00665,0.18901175999999964
p1k_00666,0.736803579
p1k_00667,1.9195266129999995
p1k_00668,0.6203152149999998
p1k_00669,0.5416606310000001
p1k_00670,0.07660781299999986
p1k_00671,0.3600481100000001
p1k_00672,0.3113236219999997
p1k_00673,0.5184056799999999
p1k_00674,1.4338231539999995
p1k_00675,1.2874994710000005
p1k_00676,0.1200788709999996
p1k_00677,0.2872747200000001
p1k_00678,0.8629513470000001
p1k_00679,1.6852399360000003
p1k_00680,0.2917400079999997
p1k_00681,1.9084108639999997
p1k_00682,0.3708596369999997
p1k_00683,0.5239563560000002
p1k_00684,0.506578008
p1k_00685,0.55525848
p1k_00686,0.7502956349999996
p1k_00687,1.1157564620000002
p1k_00688,2.19025995
p1k_00689,2.660394413
p1k_00690,0.8032600779999992
p1k_00691,0.3757058309999993
p1k_00692,1.502280969
p1k_00693,1.88138831
p1k_00694,0.3771645000000001
p1k_00695,0.4406511809999998
p1k_00696,1.0257793499999996
p1k_00697,1.9506251369999996
p1k_00698,0.5991727200000003
p1k_00699,0.3645480660000002
p1k_00700,-0.06686039800000021
p1k_00701,0.07038017699999967
p1k_00702,0.5144449800000004
p1k_00703,0.23888301399999975
p1k_00704,0.55254504
p1k_00705,1.3363908560000004
p1k_00706,0.6025798849999999
p1k_00707,0.5819991210000001
p1k_00708,1.3944269779999994
p1k_00709,1.4611827679999996
p1k_00710,-0.10807337399999994
p1k_00711,-0.03942313100000039
p1k_00712,-0.027644981999999985
p1k_00713,0.18799579199999966
p1k_00714,0.06625287899999943
p1k_00715,0.2035659670000003
p1k_00716,1.322399075
p1k_00717,1.4435984179999997
p1k_00718,0.4256632649999999
p1k_00719,0.8223457040000001
p1k_00721,0.660477427
p1k_00722,0.4719591079999992
p1k_00723,1.096079509
p1k_00724,0.4714692600000001
p1k_00725,0.6760108579999997
p1k_00726,0.5829206659999997
p1k_00727,-0.01992403399999976
p1k_00728,0.7891633389999999
p1k_00729,0.10988549899999978
p1k_00730,0.20239020899999893
p1k_00731,0.3960173390000001
p1k_00732,0.032853792999999236
p1k_00733,-0.1348717930000003
p1k_00734,0.12766983399999976
p1k_00735,1.9216790339999996
p1k_00736,1.6941993160000006
p1k_00737,0.4576504109999995
p1k_00738,1.038587177
p1k_00739,0.17180288399999988
p1k_00740,0.5444245179999996
p1k_00741,0.4876074309999998
p1k_00742,0.0074441040000001735
p1k_00743,1.0834602009999994
p1k_00744,0.9601854679999996
p1k_00745,0.3836913329999998
p1k_00746,0.026955920999999883
p1k_00747,-0.15224184900000015
p1k_00748,0.2368826720000001
p1k_00749,-0.1925655230000003
p1k_00750,0.009460585999999438
p1k_00751,-0.5557583460000002
p1k_00752,-0.15979705099999994
p1k_00753,1.6676982999999996
p1k_00754,1.3630513529999997
p1k_00755,-0.1278914310000001
p1k_00756,-0.3828223160000004
p1k_00757,-0.024332370999999853
p1k_00758,-0.17770657400000012
p1k_00759,-0.16072019100000026
p1k_00760,0.22058484999999986
p1k_00761,2.1196915579999995
p1k_00762,2.0565375219999997
p1k_00763,0.750635988
p1k_00764,0.6467309930000003
p1k_00765,0.6791090889999998
p1k_00766,0.5251030449999998
p1k_00767,0.9651055129999992
p1k_00768,0.5467108429999996
p1k_00769,1.1435186989999997
p1k_00770,1.213257522
p1k_00771,0.12455434000000133
p1k_00772,0.21258857499999986
p1k_00773,1.954528034
p1k_00774,2.194512691
p1k_00775,0.6802567139999995
p1k_00776,0.7496286510000001
p1k_00777,0.7970403129999992
p1k_00778,1.503681696
p1k_00779,0.5549119779999998
p1k_00780,0.34191985500000044
p1k_00781,0.6091374289999996
p1k_00782,0.9489978059999996
p1k_00783,0.1254744099999998
p1k_00784,0.03747072699999965
p1k_00785,0.973785939
p1k_00786,1.1440735359999996
p1k_00787,0.06911758499999987
p1k_00788,0.4466864489999995
p1k_00789,0.8367623569999996
p1k_00790,0.7398314489999995
p1k_00791,-0.553738627
p1k_00792,0.26016655399999955
p1k_00793,-0.058467144999999825
p1k_00794,-0.3005718860000002
p1k_00795,-0.5426444740000003
p1k_00796,-0.4783102780000004
p1k_00797,0.3976825689999997
p1k_00798,0.3247785719999996
p1k_00799,0.01013039700000018
p1k_00800,0.19827057000000006
p1k_00801,0.22650472599999996
p1k_00802,0.04888268000000018
p1k_00803,-0.13197744100000008
p1k_00804,-0.4629407690000002
p1k_00805,-0.3871368720000001
p1k_00806,-0.4121636940000002
p1k_00807,-0.366348377
p1k_00808,-0.3703664440000001
p1k_00809,-0.231507691
p1k_00810,-0.25765526800000016
p1k_00811,-0.3679653570000001
p1k_00812,0.05885203999999966
p1k_00813,-0.3658329520000003
p1k_00814,-0.10954452999999996
p1k_00815,-0.0268201880000003
p1k_00816,-0.0009645950000001237
p1k_00817,-0.21668383
p1k_00818,-0.3359025120000001
p1k_00819,-0.29498493800000025
p1k_00820,-0.3527740880000003
p1k_00826,0.5073469735656309
p1k_00827,0.2502529836213672
p1k_00828,0.6365480625354625
p1k_00829,0.8562664767323032
p1k_00830,1.6157765342294883
p1k_00831,1.3567671896362583
p1k_00832,1.0990012117985402
p1k_00833,0.9223632882512359
p1k_00834,1.070358461666407
p1k_00835,1.2328916274146486
p1k_00836,1.6562736673601703
p1k_00837,1.6789774806602418
p1k_00838,1.7228813378320122
p1k_00839,1.836137019782635
p1k_00840,0.3802877193764509
p1k_00841,0.429645472851333
p1k_00842,1.5778972473415245
p1k_00843,1.192005258822494
p1k_00844,1.8915937686186792
p1k_00845,1.8824578001401555
p1k_00846,1.3843982941211666
p1k_00847,1.1246267780608372
p1k_00848,2.2542067373302856
p1k_00849,2.2176972660560743
p1k_00850,1.1736014695355736
p1k_00851,1.023192907878868
p1k_00852,1.0621886220244878
p1k_00853,0.9383324059873228
p1k_00854,0.7131115350624535
p1k_00855,0.9157956762752146
p1k_00858,0.23975367170190956
p1k_00859,0.3959688463610611
p1k_00860,0.6198578696387402
p1k_00861,0.9996518700698402
p1k_00862,1.3460828898165964
p1k_00863,1.2159550780554014
p1k_00864,0.9880518014069812
p1k_00865,0.8330006876599283
p1k_00866,0.8738880383199294
p1k_00867,0.8683328900355818
p1k_00868,0.6926714423433387
p1k_00869,0.9515888297907882
p1k_00870,0.6470355664030008
p1k_00871,0.4008347649404289
p1k_00872,0.39611492936082016
p1k_00873,0.5921895599321347
p1k_00874,0.09660456479650303
p1k_00875,0.34059286582013737
p1k_00876,1.4064980779942955
p1k_00877,1.5921379053991151
p1k_00878,0.7274018045638933
p1k_00879,0.4152701963830657
p1k_00880,0.6145474735887442
p1k_00881,0.7816442122415248
p1k_00882,-0.07372996664453169
p1k_00883,-0.03264444688505641
p1k_00884,0.5101492817258322
p1k_00885,0.5320637587702155
p1k_00890,-0.23011558923575934
p1k_00891,0.16741518416606824
p1k_00892,1.110004753086116
p1k_00893,1.4424006612189566
p1k_00894,1.3608947293576774
p1k_00895,1.7728728084632586
p1k_00896,1.2130533363793523
p1k_00897,1.8076972244235383
p1k_00898,0.18806640558734866
p1k_00899,0.09164732572187352
p1k_00900,0.5865712730610584
p1k_00901,0.8037761209373961
p1k_00902,2.2359619736449137
p1k_00903,1.7020999013705918
p1k_00904,1.4978085529647531
p1k_00905,1.8002448765380858
p1k_00906,2.282035496364628
p1k_00907,1.9121822832907365
p1k_00908,2.128284338298405
p1k_00909,1.830384022809508
p1k_00910,0.2538460845650379
p1k_00911,-0.03628993923028378
p1k_00912,1.9419733711734724
p1k_00913,2.282228172202477
p1k_00914,2.6743743788995973
p1k_00915,3.0926866828425075
p1k_00916,2.5683171096497417
p1k_00917,2.584214973824348
p1k_00918,2.6263128117351977
p1k_00919,2.557247403657543
p1k_00920,0.3316473330702392
p1k_00921,0.3334870464966899
p1k_00922,1.7493097577395362
p1k_00923,1.7214226911223418
p1k_00924,1.956559615052432
p1k_00925,2.046827984200726
p1k_00926,2.4237657565999653
p1k_00927,2.0529370269264344
p1k_00928,1.869596844992362
p1k_00929,2.0176764895317043
p1k_00930,0.7452051446265351
p1k_00931,-0.1826535053440308
p1k_00932,0.484447351188539
p1k_00933,0.4349534387152536
p1k_00934,-0.39795909468805135
p1k_00935,0.18457750922838656
p1k_00936,0.18016185054252354
p1k_00937,-0.4414930645963984
p1k_00938,0.8817440667018204
p1k_00939,1.2418980671136346
p1k_00940,1.1735075357768787
p1k_00941,0.5350586699682234
p1k_00942,1.170491884453372
p1k_00943,1.83432600101092
p1k_00944,1.6782063170473762
p1k_00945,2.0384746922094807
p1k_00946,1.6227994082403878
p1k_00947,-0.25808135259235376
p1k_00948,0.09988945287185658
p1k_00949,1.7730605162664137
p1k_00950,1.195427365311258
p1k_00951,1.8558047904710728
p1k_00952,1.6086465394003318
p1k_00953,0.03703390794242178
p1k_00954,-0.26019365969777475
p1k_00955,1.6937423166155074
p1k_00956,1.4134055868274915
p1k_00957,1.8337791820663811
p1k_00958,1.70181677337127
p1k_00959,0.11201717269366984
p1k_00960,0.4909744809473242
p1k_00961,-0.2841343554264433
p1k_00962,-0.5277316161325339
p1k_00963,-0.33736577604893325
p1k_00964,1.2348160997610238
p1k_00965,1.279536545800613
p1k_00966,1.5959266684324884
p1k_00967,1.2930528201267455
p1k_00968,1.4521532220438909
p1k_00969,1.866843125405832
p1k_00970,2.0173952448093404
p1k_00971,1.6903822672509348
p1k_00972,-0.004201133084549724
p1k_00973,1.261465721896868
p1k_00974,1.3866554945378162
p1k_00975,1.6433349677195634
p1k_00976,1.7788552075457371
p1k_00977,-0.2515219443804222
p1k_00978,0.1069799531286657
p1k_00979,1.3933942326860134
p1k_00980,1.5878083507085885
p1k_00981,1.7181445050701214
p1k_00982,1.3431219064705109
p1k_00983,-0.6213761566417948
p1k_00984,0.19607950885681635
p1k_00985,0.13785229104867458
p1k_00986,0.3230180881666902
p1k_00987,1.5182003300660103
p1k_00988,1.2702888062515774
p1k_00989,1.959538375528905
p1k_00990,2.0603848129549567
p1k_00991,1.6303230348380744
p1k_00992,1.7606084344774642
p1k_00993,1.431996852815229
p1k_00994,2.144475865445268
p1k_00995,1.7642215076953445
p1k_00996,-1.3556180379938272
p1k_00997,-0.36831969830929934
p1k_00998,-0.5920675302856315
p1k_00999,1.0624015205193258
p1k_01000,1.2958983929385637
p1k_01001,1.4501173441636857
p1k_01002,1.182083663975197
p1k_01003,-0.3074717439372265
p1k_01004,0.14655823700310933
p1k_01005,0.924844211336886
p1k_01006,0.5738317755587765
p1k_01007,1.204526859246802
p1k_01008,1.4939933282094566
p1k_01009,0.812699335474405
p1k_01010,0.5928981675429545
p1k_01011,1.6387275094851759
p1k_01012,1.0958395189343868
p1k_01013,1.4494785213938162
p1k_01014,0.9876083911612988
p1k_01015,1.7450499286139678
p1k_01016,2.2028017218972185
p1k_01017,2.2771741860541166
p1k_01018,0.026845503355588995
p1k_01019,-0.0988998930885705
p1k_01020,0.7371244117447677
p1k_01021,1.4340365232949042
p1k_01022,1.0546436286608367
p1k_01023,1.7439786829972563
p1k_01024,1.2983889481908442
p1k_01025,-0.04566281662218774
p1k_01026,-0.026255986841155377
p1k_01027,1.8145830364059419
p1k_01028,0.8512881058045112
p1k_01029,1.3158800149820091
p1k_01030,2.433583078823058
p1k_01031,1.5837455204762865
p1k_01032,-0.046518994984250384
p1k_01033,0.0045929223951093326
p1k_01034,1.1448534284518166
p1k_01035,1.4036678131010722
p1k_01036,1.5562141967066967
p1k_01037,1.866511555198832
p1k_01038,1.6499811465199221
p1k_01039,-0.3705395945287608
p1k_01040,-0.16606297962928007
p1k_01041,1.298157488534688
p1k_01042,1.9779814181059685
p1k_01043,1.166823541999496
p1k_01044,0.9427784490358642
p1k_01045,-0.9921010416682936
p1k_01046,-0.2229464478202665
p1k_01047,0.7347216694181684
p1k_01048,0.32451395338566513
p1k_01049,0.7764706132135561
p1k_01050,0.3231616891661151
p1k_01051,0.8589304468966432
p1k_01052,0.7589254129557172
p1k_01053,2.1018020624655973
p1k_01054,2.04200323734312
p1k_01055,2.0124824001177863
