,name,x,y,cog,color,link
meta,start,0.33523011469008407,,,,
b0002,thrA,337,0.016031889100000002,Amino acid transport and metabolism,#ff0000,
b0003,thrB,2801,-0.0079095667,Nucleotide transport and metabolism,#00bfbf,
b0004,thrC,3734,0.0001753948,Amino acid transport and metabolism,#ff0000,
b0005,yaaX,5234,-0.0182045924,Function unknown,#708090,
b0006,yaaA,5683,0.0063314795,Function unknown,#708090,
b0007,yaaJ,6529,0.0035943239000000003,Amino acid transport and metabolism,#ff0000,
b0008,talB,8238,0.0193426379,Carbohydrate transport and metabolism,#ffc0cb,
b0009,mog,9306,-0.007418065000000001,Nucleotide transport and metabolism,#00bfbf,
b0010,satP,9928,-0.0052665498,Function unknown,#708090,
b0011,yaaW,10643,0.0005355413,Function unknown,#708090,
b0012,mbiA,10830,-0.021710651,No COG annotation,#87cefa,
b0013,yaaI,11382,0.0042433942,Function unknown,#708090,
b0014,dnaK,12163,-0.0016519026,"Post-translational modification, protein turnover,and chaperones",#87ceeb,
b0015,dnaJ,14168,2.67105e-05,"Post-translational modification, protein turnover,and chaperones",#87ceeb,
b0016,insL-1,15445,0.0059469996,"Replication, recombination and repair",#ff00ff,
b0018,mokC,16751,0.0101313805,Function unknown,#708090,
b0019,nhaA,17489,-0.0053514932,Inorganic ion transport and metabolism,#0000ff,
b0020,nhaR,18715,0.0081462492,Transcription,#f4a460,
b0021,insB-1,19811,-0.0010183942,"Replication, recombination and repair",#ff00ff,
b0022,insA-1,20233,-0.0010174445000000001,"Replication, recombination and repair",#ff00ff,
b0023,rpsT,20815,-0.0180517039,"Translation, ribosomal structure and biogenesis",#000000,
b0024,yaaY,21181,0.0210620405,Function unknown,#708090,
b0025,ribF,21407,0.0013360888,Coenzyme transport and metabolism,#008000,
b0026,ileS,22391,-0.0016805248000000001,"Translation, ribosomal structure and biogenesis",#000000,
b0027,lspA,25207,-0.002673103,Cell wall/membrane/envelope biogenesis,#c71585,
b0028,fkpB,25826,-0.0190392693,"Post-translational modification, protein turnover,and chaperones",#87ceeb,
b0029,ispH,26277,-0.0069101155,Lipid transport and metabolism,#40e0d0,
b0030,rihC,27293,0.0050070499,Nucleotide transport and metabolism,#00bfbf,
b0031,dapB,28374,0.0022731305,Amino acid transport and metabolism,#ff0000,
b0032,carA,29651,0.0109604186,Nucleotide transport and metabolism,#00bfbf,
b0033,carB,30817,0.0122510282,Nucleotide transport and metabolism,#00bfbf,
b0034,caiF,34300,-0.0155303495,Transcription,#f4a460,
b0035,caiE,34781,0.0050666149,Function unknown,#708090,
b0036,caiD,35377,0.0040922477,Lipid transport and metabolism,#40e0d0,
b0037,caiC,36271,-0.0022175964,Lipid transport and metabolism,#40e0d0,
b0038,caiB,37898,-0.0016880859,Energy production and conversion,#90ee90,
b0039,caiA,39244,-0.0127873898,Lipid transport and metabolism,#40e0d0,
b0040,caiT,40417,0.0029714091,Cell wall/membrane/envelope biogenesis,#c71585,
b0041,fixA,42403,0.0009377653,Energy production and conversion,#90ee90,
b0042,fixB,43188,0.0054520838,Energy production and conversion,#90ee90,
b0043,fixC,44180,0.0128374482,Energy production and conversion,#90ee90,
b0045,yaaU,45807,0.014678010100000001,Inorganic ion transport and metabolism,#0000ff,
b0046,kefF,47246,-0.0063413664,Energy production and conversion,#90ee90,
b0047,kefC,47769,0.0077470506,Inorganic ion transport and metabolism,#0000ff,
b0048,folA,49823,-0.0085459419,Coenzyme transport and metabolism,#008000,
b0049,apaH,50380,0.0005851151,Signal transduction mechanisms,#00ff00,
b0050,apaG,51229,-0.0147557729,Inorganic ion transport and metabolism,#0000ff,
b0051,rsmA,51609,0.0039678026000000005,"Translation, ribosomal structure and biogenesis",#000000,
b0052,pdxA,52427,-0.0031034951,Coenzyme transport and metabolism,#008000,
b0053,surA,53416,-0.0010630266,"Post-translational modification, protein turnover,and chaperones",#87ceeb,
b0054,lptD,54755,-0.0042381159000000005,Cell wall/membrane/envelope biogenesis,#c71585,
b0055,djlA,57364,-0.0048306366,"Post-translational modification, protein turnover,and chaperones",#87ceeb,
b0056,yabP,58474,0.0033524579,Function unknown,#708090,
b0057,yabQ,59121,-0.0012954779,No COG annotation,#87cefa,
b0058,rluA,59687,0.013312175800000001,"Translation, ribosomal structure and biogenesis",#000000,
b0059,rapA,60358,-0.0002615269,Transcription,#f4a460,
b0060,polB,63429,-0.0005686944,"Replication, recombination and repair",#ff00ff,
b0061,araD,65855,-0.0005765794,Carbohydrate transport and metabolism,#ffc0cb,
b0062,araA,66835,-0.0061142574,Carbohydrate transport and metabolism,#ffc0cb,
b0063,araB,68348,-0.0009906653,Nucleotide transport and metabolism,#00bfbf,
b0064,araC,70387,-0.0015106652,Transcription,#f4a460,
b0065,yabI,71351,-0.0112793697,Function unknown,#708090,
b0066,thiQ,72229,-0.008968063,Inorganic ion transport and metabolism,#0000ff,
b0067,thiP,72911,0.0008904771,Inorganic ion transport and metabolism,#0000ff,
b0068,thiB,74497,0.0068375619000000006,Inorganic ion transport and metabolism,#0000ff,
b0069,sgrR,75644,-0.0036015073,Transcription,#f4a460,
b4662,sgrT,77388,-0.0067389666,Energy production and conversion,#90ee90,
b0070,setA,77621,0.0121322298,Inorganic ion transport and metabolism,#0000ff,
b0071,leuD,78848,-0.0029105006,Amino acid transport and metabolism,#ff0000,
b0072,leuC,79464,0.0037881667,Amino acid transport and metabolism,#ff0000,
b0073,leuB,80867,-0.0005130742,Energy production and conversion,#90ee90,
b0074,leuA,81958,0.0062189364000000006,Amino acid transport and metabolism,#ff0000,
b0076,leuO,84368,-0.0077843256,Transcription,#f4a460,
b0077,ilvI,85630,0.0122727896,Coenzyme transport and metabolism,#008000,
b0078,ilvH,87357,-0.0037079592000000003,Amino acid transport and metabolism,#ff0000,
b0080,cra,88028,0.0013527657000000002,Transcription,#f4a460,
b0081,mraZ,89634,0.002807696,Transcription,#f4a460,
b0082,rsmH,90094,-0.0012778361000000001,"Translation, ribosomal structure and biogenesis",#000000,
b0083,ftsL,91032,-0.0041924695000000005,"Cell cycle control, cell division, chromosome partitioning",#bfbf00,
b0084,ftsI,91413,-0.0054760837,Cell wall/membrane/envelope biogenesis,#c71585,
b0085,murE,93166,0.0054317349000000004,Cell wall/membrane/envelope biogenesis,#c71585,
b0086,murF,94650,-0.0027277729,Cell wall/membrane/envelope biogenesis,#c71585,
b0087,mraY,96002,0.0100537299,Cell wall/membrane/envelope biogenesis,#c71585,
b0088,murD,97087,-0.0055733978,Cell wall/membrane/envelope biogenesis,#c71585,
b0089,ftsW,98403,0.0044560412,"Cell cycle control, cell division, chromosome partitioning",#bfbf00,
b0090,murG,99644,-0.0007919711000000001,Cell wall/membrane/envelope biogenesis,#c71585,
b0091,murC,100765,0.0047920364000000005,Cell wall/membrane/envelope biogenesis,#c71585,
b0092,ddlB,102233,0.0058319599,Nucleotide transport and metabolism,#00bfbf,
b0093,ftsQ,103155,-0.0019426853,"Cell cycle control, cell division, chromosome partitioning",#bfbf00,
b0094,ftsA,103982,-0.0028501375,"Cell cycle control, cell division, chromosome partitioning",#bfbf00,
b0095,ftsZ,105305,0.0038982602000000002,"Cell cycle control, cell division, chromosome partitioning",#bfbf00,
b0096,lpxC,106557,-0.0060007201,Cell wall/membrane/envelope biogenesis,#c71585,
b0097,secM,107705,-0.0059404077,Function unknown,#708090,
b0098,secA,108279,-0.0002492373,"Intracellular trafficking, secretion, and vesicular transport",#8b4513,
b0099,mutT,111044,-0.0030089025,"Replication, recombination and repair",#ff00ff,
b0101,yacG,111649,-0.0093134477,Function unknown,#708090,
b0102,zapD,111856,-0.0039997677,"Cell cycle control, cell division, chromosome partitioning",#bfbf00,
b0103,coaE,112599,-0.0058273668,Nucleotide transport and metabolism,#00bfbf,
b0104,guaC,113444,-0.0110217603,Nucleotide transport and metabolism,#00bfbf,
b0106,hofC,114522,0.0150047878,"Intracellular trafficking, secretion, and vesicular transport",#8b4513,
b0107,hofB,115714,-0.0049207748,Cell motility,#da70d6,
b0108,ppdD,117109,-0.0332674231,Cell motility,#da70d6,
b0109,nadC,117752,0.002197824,Nucleotide transport and metabolism,#00bfbf,
b0110,ampD,118733,-0.0171206676,Defense mechanisms,#d3d3d3,
b0111,ampE,119281,-0.0059410792,Defense mechanisms,#d3d3d3,
b0112,aroP,120178,-0.0193274371,"Intracellular trafficking, secretion, and vesicular transport",#8b4513,
b0113,pdhR,122092,0.0013650617000000001,Transcription,#f4a460,
b0114,aceE,123017,-0.0042453545,Nucleotide transport and metabolism,#00bfbf,
b0115,aceF,125695,-0.0003348218,Nucleotide transport and metabolism,#00bfbf,
b0116,lpd,127912,-0.003033046,Nucleotide transport and metabolism,#00bfbf,
b0117,yacH,129407,0.0019403101,Cell wall/membrane/envelope biogenesis,#c71585,
b0118,acnB,131615,0.0037545112,Energy production and conversion,#90ee90,
b0119,yacL,134388,0.0083303304,Function unknown,#708090,
b0120,speD,134788,0.0057283352,Nucleotide transport and metabolism,#00bfbf,
b0121,speE,135598,0.0014755897,Amino acid transport and metabolism,#ff0000,
b0122,yacC,136570,0.0050286029,Function unknown,#708090,
b0123,cueO,137083,-0.0165511318,"Secondary metabolites biosynthesis, transport, and catabolism",#1e90ff,
b0124,gcd,138835,0.0058545257,Carbohydrate transport and metabolism,#ffc0cb,
b0125,hpt,141431,-0.0048709723,Nucleotide transport and metabolism,#00bfbf,
b0126,can,142008,0.0017691623,Inorganic ion transport and metabolism,#0000ff,
b0127,yadG,142779,0.0041267505,Defense mechanisms,#d3d3d3,
b0128,yadH,143702,0.0027251420000000003,Defense mechanisms,#d3d3d3,
b0129,yadI,144577,-0.0038998955,Carbohydrate transport and metabolism,#ffc0cb,
b0130,yadE,145081,0.0020300063,Carbohydrate transport and metabolism,#ffc0cb,
b0131,panD,146314,-0.0012341437,Coenzyme transport and metabolism,#008000,
b0132,rpnC,146968,0.0118792312,"Replication, recombination and repair",#ff00ff,
b0133,panC,147944,0.0042415609,Coenzyme transport and metabolism,#008000,
b0134,panB,148807,-0.0074377236000000005,Coenzyme transport and metabolism,#008000,
b0135,yadC,149715,0.0049906318,Cell motility,#da70d6,
b0136,yadK,151003,0.005997469,Cell motility,#da70d6,
b0137,yadL,151626,-0.018149680300000002,Cell motility,#da70d6,
b0138,yadM,152243,-0.013973,Cell motility,#da70d6,
b0139,htrE,152829,0.0039794097,Cell wall/membrane/envelope biogenesis,#c71585,
b0140,yadV,155461,-0.0009789321,Cell wall/membrane/envelope biogenesis,#c71585,
b0141,yadN,156299,-0.0025039867,Cell motility,#da70d6,
b0142,folK,157253,0.0253784765,Coenzyme transport and metabolism,#008000,
b0143,pcnB,157729,0.0012382633,Nucleotide transport and metabolism,#00bfbf,
b0144,gluQ,159186,0.010977122300000001,"Translation, ribosomal structure and biogenesis",#000000,
b0145,dksA,160149,0.0035400517,Signal transduction mechanisms,#00ff00,
b0146,sfsA,160782,0.0041593153,Transcription,#f4a460,
b0147,thpR,161501,0.0057496984,"Translation, ribosomal structure and biogenesis",#000000,
b0148,hrpB,162105,-0.0028655906,"Replication, recombination and repair",#ff00ff,
b0149,mrcB,164730,0.0049965939000000004,Cell wall/membrane/envelope biogenesis,#c71585,
b0150,fhuA,167484,-0.0044366948,Inorganic ion transport and metabolism,#0000ff,
b0151,fhuC,169778,-4.3644300000000005e-05,Inorganic ion transport and metabolism,#0000ff,
b0152,fhuD,170575,0.014188397200000001,Inorganic ion transport and metabolism,#0000ff,
b0153,fhuB,171462,0.0154443536,Inorganic ion transport and metabolism,#0000ff,
b0154,hemL,173602,-0.0062853181,Coenzyme transport and metabolism,#008000,
b0155,clcA,175107,0.0002945022,Inorganic ion transport and metabolism,#0000ff,
b0156,erpA,176610,-0.0007618202,Energy production and conversion,#90ee90,
b0157,yadS,177001,-0.0030224594,Function unknown,#708090,
b0158,btuF,177662,0.005567278100000001,Inorganic ion transport and metabolism,#0000ff,
b0159,mtn,178455,0.0053131647,Nucleotide transport and metabolism,#00bfbf,
b0160,dgt,179237,-0.0039793182,Nucleotide transport and metabolism,#00bfbf,
b0161,degP,180884,0.0160724317,"Post-translational modification, protein turnover,and chaperones",#87ceeb,
b0162,cdaR,182463,0.0060877796,Transcription,#f4a460,
b0163,yaeH,183709,-0.0088194359,Function unknown,#708090,
b0164,yaeI,184257,-0.0019885154,Function unknown,#708090,
b0166,dapD,185123,0.0015490845,Amino acid transport and metabolism,#ff0000,
b0167,glnD,185978,-0.0165049932,"Post-translational modification, protein turnover,and chaperones",#87ceeb,
b0168,map,188712,-0.0058521296,Amino acid transport and metabolism,#ff0000,
b0169,rpsB,189874,0.011710591900000001,"Translation, ribosomal structure and biogenesis",#000000,
b0170,tsf,190857,0.0099210646,"Translation, ribosomal structure and biogenesis",#000000,
b0171,pyrH,191855,0.0039095346,Nucleotide transport and metabolism,#00bfbf,
b0172,frr,192872,-0.0056372677,"Translation, ribosomal structure and biogenesis",#000000,
b0173,dxr,193521,0.0009033391,Lipid transport and metabolism,#40e0d0,
b0174,ispU,194903,-0.0085282015,Lipid transport and metabolism,#40e0d0,
b0175,cdsA,195677,0.0006325048,Lipid transport and metabolism,#40e0d0,
b0176,rseP,196546,-0.0023445018,Cell wall/membrane/envelope biogenesis,#c71585,
b0177,bamA,197928,-0.0045244102000000005,Cell wall/membrane/envelope biogenesis,#c71585,
b0178,skp,200482,-0.0028454259000000003,Cell wall/membrane/envelope biogenesis,#c71585,
b0179,lpxD,200971,-0.0053795091,Cell wall/membrane/envelope biogenesis,#c71585,
b0180,fabZ,202101,-0.004381943100000001,Lipid transport and metabolism,#40e0d0,
b0181,lpxA,202560,-0.0105592412,Cell wall/membrane/envelope biogenesis,#c71585,
b0182,lpxB,203348,-0.0055449758,Cell wall/membrane/envelope biogenesis,#c71585,
b0183,rnhB,204493,-0.013471455200000001,"Replication, recombination and repair",#ff00ff,
b0184,dnaE,205126,-0.0028515682,"Replication, recombination and repair",#ff00ff,
b0185,accA,208621,0.0049655315,Lipid transport and metabolism,#40e0d0,
b0186,ldcC,209679,-0.0048867626,Amino acid transport and metabolism,#ff0000,
b0187,yaeR,211877,-0.019647455600000002,Amino acid transport and metabolism,#ff0000,
b0188,tilS,212331,-0.0037144258,"Translation, ribosomal structure and biogenesis",#000000,
b0189,rof,213678,0.0074127951,Transcription,#f4a460,
b4406,yaeP,213925,0.0122863467,Function unknown,#708090,
b0190,yaeQ,214291,0.0032713591,Function unknown,#708090,
b0191,arfB,214833,-0.014908742300000001,"Translation, ribosomal structure and biogenesis",#000000,
b0192,nlpE,215269,0.000162993,Cell wall/membrane/envelope biogenesis,#c71585,
b0193,yaeF,216179,0.0143595414,Cell wall/membrane/envelope biogenesis,#c71585,
b0194,proS,217057,0.0034023337000000002,"Translation, ribosomal structure and biogenesis",#000000,
b0195,trmO,218887,-0.0003204991,Function unknown,#708090,
b0196,rcsF,219591,-0.0034366508,Cell wall/membrane/envelope biogenesis,#c71585,
b0197,metQ,220113,-0.0006039025,Inorganic ion transport and metabolism,#0000ff,
b0198,metI,220968,0.0047551847,Inorganic ion transport and metabolism,#0000ff,
b0199,metN,221614,-0.0138198307,Inorganic ion transport and metabolism,#0000ff,
b0200,gmhB,222833,0.0113478134,Nucleotide transport and metabolism,#00bfbf,
b0207,dkgB,229167,-0.015499756000000002,Function unknown,#708090,
b0208,yafC,229967,-0.0167746106,Transcription,#f4a460,
b0209,yafD,231122,0.007906579700000001,Function unknown,#708090,
b0210,yafE,231926,0.006231093300000001,"Secondary metabolites biosynthesis, transport, and catabolism",#1e90ff,
b0211,mltD,232597,-0.006793861500000001,Cell wall/membrane/envelope biogenesis,#c71585,
b0212,gloB,234027,-0.0094357628,Function unknown,#708090,
b0213,yafS,234816,-0.0001304257,"Secondary metabolites biosynthesis, transport, and catabolism",#1e90ff,
b0214,rnhA,235535,-0.0042260321,"Replication, recombination and repair",#ff00ff,
b0215,dnaQ,236067,0.0006472713,"Replication, recombination and repair",#ff00ff,
b0217,yafT,237335,-0.0062704961,No COG annotation,#87cefa,
b0218,yafU,238746,-0.0004527388,Function unknown,#708090,
b4503,yafF,239190,-0.0056808133,"Replication, recombination and repair",#ff00ff,
b0219,yafV,239419,-0.0050045012,Function unknown,#708090,
b0220,ivy,240343,0.0126436525,"Post-translational modification, protein turnover,and chaperones",#87ceeb,
b0221,fadE,240859,0.0081126658,Lipid transport and metabolism,#40e0d0,
b0222,lpcA,243543,0.0020191301,Carbohydrate transport and metabolism,#ffc0cb,
b0223,yafJ,244327,-0.0076746999,Function unknown,#708090,
b0224,yafK,245065,0.0015794033000000002,Cell wall/membrane/envelope biogenesis,#c71585,
b0225,yafQ,245961,-0.0011213069,Function unknown,#708090,
b0226,dinJ,246242,0.0047326752000000005,Transcription,#f4a460,
b0227,yafL,246712,0.0171972634,Cell wall/membrane/envelope biogenesis,#c71585,
b0228,rayT,247637,-0.0125597934,"Replication, recombination and repair",#ff00ff,
b0229,lfhA,248358,-0.0191047596,Cell motility,#da70d6,
b0230,lafU,250072,0.0180876199,Cell motility,#da70d6,
b0231,dinB,250898,0.0074176345,"Replication, recombination and repair",#ff00ff,
b0232,yafN,252005,-0.0194575671,"Cell cycle control, cell division, chromosome partitioning",#bfbf00,
b0233,yafO,252301,-0.0004517149,Function unknown,#708090,
b0234,yafP,252709,-0.0132193436,Transcription,#f4a460,
b0235,ykfJ,253467,0.0143689631,Function unknown,#708090,
b0236,prfH,253702,-0.0231966014,"Translation, ribosomal structure and biogenesis",#000000,
b0237,pepD,254259,0.0006348203,Amino acid transport and metabolism,#ff0000,
b0238,gpt,255977,-0.0074546743,Nucleotide transport and metabolism,#00bfbf,
b0239,frsA,256527,0.0013426542,Function unknown,#708090,
b4710,insB9,257923,0.0116364356,"Replication, recombination and repair",#ff00ff,
b4709,insA9,258345,0.0058850864000000004,"Replication, recombination and repair",#ff00ff,
b0241,phoE,259045,-0.0103991958,Cell wall/membrane/envelope biogenesis,#c71585,
b0242,proB,260388,-0.0083134357,Nucleotide transport and metabolism,#00bfbf,
b0243,proA,261503,-0.0007147796,Amino acid transport and metabolism,#ff0000,
b0245,ykfI,263328,0.0020303794000000003,Function unknown,#708090,
b0246,yafW,263690,-0.009783407000000001,Function unknown,#708090,
b4504,ykfH,264026,0.020229432000000002,Function unknown,#708090,
b0247,ykfG,264256,-0.0127150668,Amino acid transport and metabolism,#ff0000,
b0248,yafX,264748,0.014172646700000001,Function unknown,#708090,
b0249,ykfF,265304,0.008883734800000001,Function unknown,#708090,
b0250,ykfB,265620,-0.0100958986,No COG annotation,#87cefa,
b0251,yafY,266110,-0.0117017358,Transcription,#f4a460,
b0252,yafZ,267184,-0.0057348627,Function unknown,#708090,
b0253,ykfA,268097,-6.5209e-05,Function unknown,#708090,
b0254,perR,269289,-0.0090978086,Transcription,#f4a460,
b4587,insN,270278,-0.0046724871,"Translation, ribosomal structure and biogenesis",#000000,
b0256,insI-1,270603,-0.0127520088,"Replication, recombination and repair",#ff00ff,
b0258,ykfC,272847,-0.011024176200000001,"Replication, recombination and repair",#ff00ff,
b0259,insH-1,274101,-0.0025862338,"Replication, recombination and repair",#ff00ff,
b0260,mmuP,275325,0.0092188431,Amino acid transport and metabolism,#ff0000,
b0261,mmuM,276715,0.0203194735,Amino acid transport and metabolism,#ff0000,
b0262,afuC,277756,0.0012876797000000001,Amino acid transport and metabolism,#ff0000,
b0263,afuB,278814,0.050754930600000005,No COG annotation,#87cefa,
b0264,insB-2,279178,0.0011962686,"Replication, recombination and repair",#ff00ff,
b0265,insA-2,279600,-0.0102743738,"Replication, recombination and repair",#ff00ff,
b0266,yagB,280385,7.280930000000001e-05,Function unknown,#708090,
b0267,yagA,280829,-0.0135989423,"Replication, recombination and repair",#ff00ff,
b0268,yagE,282278,-0.0229812382,Amino acid transport and metabolism,#ff0000,
b0269,yagF,283201,-0.0168085797,Amino acid transport and metabolism,#ff0000,
b0270,yagG,285395,-0.0117287771,Carbohydrate transport and metabolism,#ffc0cb,
b0271,yagH,286789,0.0146959542,Carbohydrate transport and metabolism,#ffc0cb,
b0272,xynR,288404,-0.0185987247,Transcription,#f4a460,
b0273,argF,289301,-0.0001921042,Amino acid transport and metabolism,#ff0000,
b4688,ykgS,290510,-0.0112827277,Function unknown,#708090,
b0274,insB-3,290649,0.0026456079,"Replication, recombination and repair",#ff00ff,
b0275,insA-3,291071,-0.013357320800000001,"Replication, recombination and repair",#ff00ff,
b0276,yagJ,291500,-0.0041623581,Transcription,#f4a460,
b0277,yagK,292322,0.0002497315,Function unknown,#708090,
b0278,yagL,293220,-0.0041757868,"Replication, recombination and repair",#ff00ff,
b4729,ykgV,294918,-0.009390467500000001,No COG annotation,#87cefa,
b0280,yagN,295139,0.0094009796,No COG annotation,#87cefa,
b0281,intF,295696,0.0108306922,"Translation, ribosomal structure and biogenesis",#000000,
b0282,yagP,297381,0.016874261300000002,Transcription,#f4a460,
b0283,paoD,297770,0.0329792722,"Post-translational modification, protein turnover,and chaperones",#87ceeb,
b0284,paoC,298736,0.0010273953,Nucleotide transport and metabolism,#00bfbf,
b0285,paoB,300931,-0.0124618612,Nucleotide transport and metabolism,#00bfbf,
b0286,paoA,301884,-0.027923467100000002,Nucleotide transport and metabolism,#00bfbf,
b0287,yagU,302991,0.037518819,Function unknown,#708090,
b0288,ykgJ,303853,0.0050399556,Function unknown,#708090,
b0289,ecpE,304495,0.0095755865,Cell motility,#da70d6,
b0290,ecpD,305174,0.0098884638,Function unknown,#708090,
b0291,ecpC,306807,-0.0048649187,Cell motility,#da70d6,
b0292,ecpB,309358,-0.00010582600000000001,Cell wall/membrane/envelope biogenesis,#c71585,
b0293,ecpA,310084,-0.0036037451000000002,Function unknown,#708090,
b0294,ecpR,310746,-0.0246950591,Transcription,#f4a460,
b0295,ykgL,312112,-0.0189318172,No COG annotation,#87cefa,
b4506,ykgO,312374,0.0116864117,"Translation, ribosomal structure and biogenesis",#000000,
b0296,ykgM,312514,-0.047581124200000005,"Translation, ribosomal structure and biogenesis",#000000,
b4671,ykgR,313141,0.0033258015,No COG annotation,#87cefa,
b0297,eaeH,314357,0.0091714093,Cell wall/membrane/envelope biogenesis,#c71585,
b0298,insE-1,315291,-0.0398436053,"Replication, recombination and repair",#ff00ff,
b0299,insF-1,315587,0.006793976100000001,"Replication, recombination and repair",#ff00ff,
b0300,ykgA,316450,-0.0017774831,Transcription,#f4a460,
b0301,rclC,317726,0.006632275000000001,Function unknown,#708090,
b0304,rclA,318676,-0.0304223354,Energy production and conversion,#90ee90,
b0305,rclR,320227,-0.0099324249,Transcription,#f4a460,
b0306,ykgE,321608,-0.0061921034,Energy production and conversion,#90ee90,
b0307,ykgF,322338,-0.0211296048,Energy production and conversion,#90ee90,
b0308,ykgG,323758,0.0003163204,Function unknown,#708090,
b0310,ykgH,324696,0.0244559375,No COG annotation,#87cefa,
b0311,betA,325577,-0.0010514419,Amino acid transport and metabolism,#ff0000,
b0312,betB,327261,-0.0076978820000000005,Energy production and conversion,#90ee90,
b0313,betI,328747,-0.0113509387,Transcription,#f4a460,
b0314,betT,329463,-0.0069635987,Cell wall/membrane/envelope biogenesis,#c71585,
b0315,pdeL,332371,0.0160537598,Transcription,#f4a460,
b0316,yahB,333501,-0.0075699681,Transcription,#f4a460,
b0317,yahC,334525,-0.0030997533,Function unknown,#708090,
b0318,yahD,335280,0.034035138,Function unknown,#708090,
b0319,yahE,335925,-0.0270741713,Function unknown,#708090,
b0320,yahF,336778,-0.0060717218,Energy production and conversion,#90ee90,
b0321,yahG,338325,-0.0205123116,Energy production and conversion,#90ee90,
b0322,yahH,339793,0.012459612600000001,No COG annotation,#87cefa,
b0323,yahI,340165,0.0016470993,Amino acid transport and metabolism,#ff0000,
b0324,yahJ,341125,-0.0001009448,Nucleotide transport and metabolism,#00bfbf,
b0325,yahK,342884,-0.0054436214,Function unknown,#708090,
b0326,yahL,344176,-0.0036917899000000003,No COG annotation,#87cefa,
b0327,yahM,345404,0.0120072828,No COG annotation,#87cefa,
b0328,yahN,345666,-0.0140072398,Amino acid transport and metabolism,#ff0000,
b0329,yahO,346484,-0.016379073100000002,Function unknown,#708090,
b0330,prpR,346857,0.0041129556,Transcription,#f4a460,
b0331,prpB,348682,0.005034816100000001,Carbohydrate transport and metabolism,#ffc0cb,
b0333,prpC,350012,-0.0088979421,Energy production and conversion,#90ee90,
b0334,prpD,351215,0.0129595634,Function unknown,#708090,
b0335,prpE,352706,-0.0136117049,Lipid transport and metabolism,#40e0d0,
b0336,codB,354922,-0.0010749093,Nucleotide transport and metabolism,#00bfbf,
b0337,codA,356171,-0.0134360131,Nucleotide transport and metabolism,#00bfbf,
b0338,cynR,357791,0.0040894734,Transcription,#f4a460,
b0339,cynT,358799,-0.0138372389,Inorganic ion transport and metabolism,#0000ff,
b0340,cynS,359489,-0.038663367500000004,Inorganic ion transport and metabolism,#0000ff,
b0341,cynX,359992,0.0157073974,Inorganic ion transport and metabolism,#0000ff,
b0342,lacA,361249,0.0068255449,Function unknown,#708090,
b0343,lacY,361926,0.0044217271,Inorganic ion transport and metabolism,#0000ff,
b0344,lacZ,363231,-0.0080249408,Carbohydrate transport and metabolism,#ffc0cb,
b0345,lacI,366428,0.0114910896,Transcription,#f4a460,
b0346,mhpR,367587,0.0256750236,Transcription,#f4a460,
b0347,mhpA,368611,0.0063630387,Energy production and conversion,#90ee90,
b0348,mhpB,370277,0.0191109001,Function unknown,#708090,
b0349,mhpC,371239,0.0099130921,Function unknown,#708090,
b0350,mhpD,372115,-0.003447898,"Secondary metabolites biosynthesis, transport, and catabolism",#1e90ff,
b0351,mhpF,372921,0.022165620100000002,"Secondary metabolites biosynthesis, transport, and catabolism",#1e90ff,
b0352,mhpE,373868,-0.0037195666000000003,Amino acid transport and metabolism,#ff0000,
b0353,mhpT,375459,-0.003247419,Inorganic ion transport and metabolism,#0000ff,
b0354,yaiL,376772,0.017352536300000002,Function unknown,#708090,
b0355,frmB,377535,0.0055858541,Function unknown,#708090,
b0356,frmA,378462,0.0011310950000000001,Energy production and conversion,#90ee90,
b0357,frmR,379606,-0.0103300245,Transcription,#f4a460,
b0358,yaiO,380069,-0.00818655,No COG annotation,#87cefa,
b4579,yaiX,380844,-0.0137223213,"Translation, ribosomal structure and biogenesis",#000000,
b0360,insC-1,381351,0.0032756493,"Replication, recombination and repair",#ff00ff,
b0361,insD-1,381674,0.008098040400000001,"Replication, recombination and repair",#ff00ff,
b0363,yaiP,382739,-0.0040371136,Cell wall/membrane/envelope biogenesis,#c71585,
b0365,tauA,385232,0.0005432089,Inorganic ion transport and metabolism,#0000ff,
b0366,tauB,386207,0.0019146318,Inorganic ion transport and metabolism,#0000ff,
b0367,tauC,386971,-0.0068470375,Inorganic ion transport and metabolism,#0000ff,
b0368,tauD,387795,-0.0098304571,"Secondary metabolites biosynthesis, transport, and catabolism",#1e90ff,
b0369,hemB,388753,0.0102594583,Coenzyme transport and metabolism,#008000,
b4580,yaiT,390251,-0.0045731254,Cell wall/membrane/envelope biogenesis,#c71585,
b0372,insF-2,391739,0.0169707449,"Replication, recombination and repair",#ff00ff,
b0373,insE-2,392602,0.033095832400000004,"Replication, recombination and repair",#ff00ff,
b0375,iprA,394506,-0.0050643431,Transcription,#f4a460,
b0376,ampH,395130,0.0032083790000000004,Cell wall/membrane/envelope biogenesis,#c71585,
b0377,sbmA,396639,-0.006992949,"Intracellular trafficking, secretion, and vesicular transport",#8b4513,
b0378,yaiW,397872,-0.0129583401,Function unknown,#708090,
b0379,yaiY,399025,-0.0219851894,Function unknown,#708090,
b0380,yaiZ,399593,-0.007271562400000001,Function unknown,#708090,
b0381,ddlA,399829,-0.014830033900000001,Nucleotide transport and metabolism,#00bfbf,
b0382,iraP,401386,0.0007480449,"Translation, ribosomal structure and biogenesis",#000000,
b0383,phoA,401747,0.0060038453,Inorganic ion transport and metabolism,#0000ff,
b0384,psiF,403281,-0.0175711407,Function unknown,#708090,
b0385,dgcC,403703,-0.0081186008,Signal transduction mechanisms,#00ff00,
b0386,proC,404835,0.0060089345,Amino acid transport and metabolism,#ff0000,
b0387,yaiI,405764,0.0028439941,Function unknown,#708090,
b0388,aroL,406405,0.0087911447,Nucleotide transport and metabolism,#00bfbf,
b0389,yaiA,406979,-0.0065083884000000005,Function unknown,#708090,
b0390,aroM,407428,0.002327037,Amino acid transport and metabolism,#ff0000,
b0391,ppnP,408177,-0.0149062033,Function unknown,#708090,
b0392,ykiA,408609,0.0133508791,Function unknown,#708090,
b0393,rdgC,409108,0.0044074126000000005,"Translation, ribosomal structure and biogenesis",#000000,
b0394,mak,410144,0.0018031100000000001,Carbohydrate transport and metabolism,#ffc0cb,
b0396,araJ,411297,0.000357989,Amino acid transport and metabolism,#ff0000,
b0397,sbcC,412607,-0.0082779062,"Replication, recombination and repair",#ff00ff,
b0398,sbcD,415750,-0.0003946406,"Replication, recombination and repair",#ff00ff,
b0399,phoB,417142,-0.0205548844,Transcription,#f4a460,
b0400,phoR,417889,-0.009316450700000001,Signal transduction mechanisms,#00ff00,
b0401,brnQ,419591,-6.21161e-05,Amino acid transport and metabolism,#ff0000,
b0402,proY,420986,-0.0011558048000000001,Amino acid transport and metabolism,#ff0000,
b0403,malZ,422518,-0.0125972719,Carbohydrate transport and metabolism,#ffc0cb,
b0404,acpH,424337,0.0044320406,Lipid transport and metabolism,#40e0d0,
b0405,queA,425011,0.0016734003000000001,Nucleotide transport and metabolism,#00bfbf,
b0406,tgt,426137,0.009025448,Nucleotide transport and metabolism,#00bfbf,
b0407,yajC,427287,-0.0022263869,"Intracellular trafficking, secretion, and vesicular transport",#8b4513,
b0408,secD,427647,-0.0069429375,"Intracellular trafficking, secretion, and vesicular transport",#8b4513,
b0409,secF,429505,0.0012074568,"Intracellular trafficking, secretion, and vesicular transport",#8b4513,
b0410,yajD,430605,0.0033603078,Defense mechanisms,#d3d3d3,
b0411,tsx,431129,0.0002754735,Cell wall/membrane/envelope biogenesis,#c71585,
b0412,yajI,432312,0.0003290672,Cell wall/membrane/envelope biogenesis,#c71585,
b0413,nrdR,433002,0.0026225977,Transcription,#f4a460,
b0414,ribD,433455,-0.0070846037,Coenzyme transport and metabolism,#008000,
b0415,ribE,434647,-0.0034233108,Coenzyme transport and metabolism,#008000,
b0416,nusB,435137,-0.0117711789,Transcription,#f4a460,
b0417,thiL,435634,0.0159226282,Nucleotide transport and metabolism,#00bfbf,
b0418,pgpA,436589,-0.0058278783,Lipid transport and metabolism,#40e0d0,
b0419,yajO,437161,0.0015203128,Energy production and conversion,#90ee90,
b0420,dxs,438315,-0.013517479800000001,Nucleotide transport and metabolism,#00bfbf,
b0421,ispA,440202,-0.0104898731,Coenzyme transport and metabolism,#008000,
b0422,xseB,441101,-0.0044638568,"Replication, recombination and repair",#ff00ff,
b0423,thiI,441549,0.0058933933,Nucleotide transport and metabolism,#00bfbf,
b0424,yajL,443051,0.0025046474,Function unknown,#708090,
b0425,panE,443604,-0.0055865667,Coenzyme transport and metabolism,#008000,
b0426,yajQ,444683,0.0002004921,Function unknown,#708090,
b0427,yajR,445302,0.006583743600000001,Amino acid transport and metabolism,#ff0000,
b0428,cyoE,446815,-0.0041991604000000005,Coenzyme transport and metabolism,#008000,
b0429,cyoD,447717,-0.0062656901000000004,Energy production and conversion,#90ee90,
b0430,cyoC,448046,-0.0084905169,Energy production and conversion,#90ee90,
b0431,cyoB,448650,-0.006837119500000001,Energy production and conversion,#90ee90,
b0432,cyoA,450663,-0.012607912300000001,Energy production and conversion,#90ee90,
b0433,ampG,452070,0.0087435111,Inorganic ion transport and metabolism,#0000ff,
b0434,yajG,453589,0.0153961779,Cell wall/membrane/envelope biogenesis,#c71585,
b0435,bolA,454472,0.00429691,Transcription,#f4a460,
b0436,tig,455133,0.008328582900000001,"Cell cycle control, cell division, chromosome partitioning",#bfbf00,
b0437,clpP,456677,0.0216033604,"Post-translational modification, protein turnover,and chaperones",#87ceeb,
b0438,clpX,457426,0.0057460615,"Post-translational modification, protein turnover,and chaperones",#87ceeb,
b0439,lon,458888,-0.0071539927,"Post-translational modification, protein turnover,and chaperones",#87ceeb,
b0440,hupB,461451,-0.0050832704,"Replication, recombination and repair",#ff00ff,
b0441,ppiD,461915,-0.0036635727,"Post-translational modification, protein turnover,and chaperones",#87ceeb,
b0442,ybaV,463937,-0.0110477779,"Replication, recombination and repair",#ff00ff,
b0443,fadM,464402,0.0170763544,Function unknown,#708090,
b0444,queC,464852,-0.003364609,Nucleotide transport and metabolism,#00bfbf,
b0445,ybaE,465612,0.010369370900000001,Function unknown,#708090,
b0446,cof,467412,-0.004465755,Function unknown,#708090,
b0447,decR,468383,-0.0182823603,Transcription,#f4a460,
b0448,mdlA,468871,-0.0090705326,Inorganic ion transport and metabolism,#0000ff,
b0449,mdlB,470636,0.0081837076,Inorganic ion transport and metabolism,#0000ff,
b0450,glnK,472598,0.0031540688,Transcription,#f4a460,
b0451,amtB,472966,-0.0092712006,Inorganic ion transport and metabolism,#0000ff,
b0452,tesB,474301,-0.0106537865,Lipid transport and metabolism,#40e0d0,
b0453,ybaY,475379,-0.0156688601,Function unknown,#708090,
b0454,atl,475982,0.017166828000000002,"Replication, recombination and repair",#ff00ff,
b0456,ybaA,476672,0.0083839158,Function unknown,#708090,
b0457,pdeB,477067,-0.018462279,Signal transduction mechanisms,#00ff00,
b0458,ylaC,478781,0.00495235,Function unknown,#708090,
b0459,maa,479367,-0.0210857105,Function unknown,#708090,
b0460,hha,480090,-0.0119043939,Transcription,#f4a460,
b0461,tomB,480334,-0.0200559308,"Replication, recombination and repair",#ff00ff,
b0462,acrB,481254,0.009732181500000001,Defense mechanisms,#d3d3d3,
b0463,acrA,484426,0.008515882800000001,Cell wall/membrane/envelope biogenesis,#c71585,
b0464,acrR,485761,0.0076398027,Transcription,#f4a460,
b0465,mscK,486536,0.0021224566,"Cell cycle control, cell division, chromosome partitioning",#bfbf00,
b0466,ybaM,490110,-0.0067752781000000005,Function unknown,#708090,
b0467,priC,490285,0.00020591120000000001,"Replication, recombination and repair",#ff00ff,
b0468,ybaN,490882,0.0016881851,Function unknown,#708090,
b0469,apt,491412,0.0030996382,Nucleotide transport and metabolism,#00bfbf,
b0470,dnaX,492092,-0.0086204915,Nucleotide transport and metabolism,#00bfbf,
b0471,ybaB,494076,0.0065449903,Function unknown,#708090,
b0472,recR,494405,0.009776420000000001,"Replication, recombination and repair",#ff00ff,
b0473,htpG,495120,0.0005980025,"Post-translational modification, protein turnover,and chaperones",#87ceeb,
b0474,adk,497175,-0.0021175579000000003,Nucleotide transport and metabolism,#00bfbf,
b0475,hemH,498055,-0.0049645133,Coenzyme transport and metabolism,#008000,
b0476,aes,499014,0.0050836621000000005,Lipid transport and metabolism,#40e0d0,
b0477,gsk,500125,-0.0003636603,Nucleotide transport and metabolism,#00bfbf,
b0478,ybaL,501562,-0.0087180859,Inorganic ion transport and metabolism,#0000ff,
b0479,fsr,503476,-0.0144403645,Inorganic ion transport and metabolism,#0000ff,
b0480,ushA,504914,-0.0049027386000000004,Nucleotide transport and metabolism,#00bfbf,
b0481,ybaK,506603,0.0072298760000000005,Function unknown,#708090,
b0482,ybaP,507286,-0.0036711204,Function unknown,#708090,
b0483,ybaQ,508218,0.0012944381,Transcription,#f4a460,
b0484,copA,508875,-0.0020607744,Inorganic ion transport and metabolism,#0000ff,
b0485,glsA,511641,-0.0009807029,Amino acid transport and metabolism,#ff0000,
b0486,ybaT,512576,0.0169504042,Amino acid transport and metabolism,#ff0000,
b0487,cueR,513993,-0.002870753,Transcription,#f4a460,
b0488,ybbJ,514401,0.0134449609,"Post-translational modification, protein turnover,and chaperones",#87ceeb,
b0489,qmcA,514856,-0.0068600852,"Post-translational modification, protein turnover,and chaperones",#87ceeb,
b0490,fetA,515919,0.0040601274,Inorganic ion transport and metabolism,#0000ff,
b0491,fetB,516583,0.0051466655000000005,Function unknown,#708090,
b0492,cnoX,517425,-0.0040699579,"Post-translational modification, protein turnover,and chaperones",#87ceeb,
b0493,ybbO,518340,-0.0049542568,Function unknown,#708090,
b0494,tesA,519139,-0.0063457226,Amino acid transport and metabolism,#ff0000,
b0495,ybbA,519733,-0.013902509,Inorganic ion transport and metabolism,#0000ff,
b0496,ybbP,520416,-0.0071367211,"Secondary metabolites biosynthesis, transport, and catabolism",#1e90ff,
b0497,rhsD,523261,-0.012160707500000001,Cell wall/membrane/envelope biogenesis,#c71585,
b0498,ybbC,527581,-0.007059334400000001,Function unknown,#708090,
b0499,ylbH,527949,-0.008096263000000001,Cell wall/membrane/envelope biogenesis,#c71585,
b0501,ybbD,528640,0.013967237,No COG annotation,#87cefa,
b0502,ylbG,529645,0.0146184699,"Replication, recombination and repair",#ff00ff,
b0503,selU,530132,0.028146593600000002,"Translation, ribosomal structure and biogenesis",#000000,
b0504,allS,531295,0.0171058439,Transcription,#f4a460,
b0505,allA,532451,0.00406752,Nucleotide transport and metabolism,#00bfbf,
b0506,allR,533011,-0.0041542245,Transcription,#f4a460,
b0507,gcl,533916,0.0049864104,Function unknown,#708090,
b0508,hyi,535710,0.0071847491,Carbohydrate transport and metabolism,#ffc0cb,
b0509,glxR,536586,-0.0021759533,Lipid transport and metabolism,#40e0d0,
b0511,ybbW,537633,0.0028069105000000003,Nucleotide transport and metabolism,#00bfbf,
b0512,allB,539147,-0.021461217,Nucleotide transport and metabolism,#00bfbf,
b0513,ybbY,540565,-0.0088209516,Nucleotide transport and metabolism,#00bfbf,
b0514,glxK,541888,0.0174560902,Carbohydrate transport and metabolism,#ffc0cb,
b0515,allE,543261,0.0025471401000000003,Function unknown,#708090,
b0516,allC,544057,0.0072957563,Amino acid transport and metabolism,#ff0000,
b0517,allD,545314,-0.0027815806000000003,Energy production and conversion,#90ee90,
b0518,fdrA,546680,-0.0063333509000000005,Energy production and conversion,#90ee90,
b4572,ylbE,548357,0.0114081909,Energy production and conversion,#90ee90,
b0520,ylbF,549627,-0.009216382,Function unknown,#708090,
b0521,ybcF,550439,0.016570661400000002,Nucleotide transport and metabolism,#00bfbf,
b0522,purK,551527,0.0075589543,Nucleotide transport and metabolism,#00bfbf,
b0523,purE,552591,-0.0111836891,Nucleotide transport and metabolism,#00bfbf,
b0524,lpxH,553218,0.007861056,Function unknown,#708090,
b0525,ppiB,553943,-0.004074308400000001,"Post-translational modification, protein turnover,and chaperones",#87ceeb,
b0526,cysS,554611,-0.0070018994,"Translation, ribosomal structure and biogenesis",#000000,
b0527,ybcI,556032,0.0277390807,Function unknown,#708090,
b0528,ybcJ,556661,0.006376705900000001,Function unknown,#708090,
b0529,folD,556875,-0.008820316600000001,Nucleotide transport and metabolism,#00bfbf,
b0530,sfmA,558212,0.0145171494,Cell motility,#da70d6,
b0531,sfmC,558974,-0.0039755038,Cell motility,#da70d6,
b0532,sfmD,559697,-0.0108655881,Cell motility,#da70d6,
b0533,sfmH,562336,-0.0179433497,Cell motility,#da70d6,
b0534,sfmF,563330,0.0163403279,Cell motility,#da70d6,
b0535,fimZ,563848,0.0089119776,Transcription,#f4a460,
b0537,intD,564815,0.011066682500000001,"Replication, recombination and repair",#ff00ff,
b4633,xisD,565858,-0.0005304212000000001,No COG annotation,#87cefa,
b0539,exoD,566098,0.0155634073,"Replication, recombination and repair",#ff00ff,
b0540,insE-3,566842,0.0009515975,"Replication, recombination and repair",#ff00ff,
b0541,insF-3,567138,-0.017325960300000002,"Replication, recombination and repair",#ff00ff,
b0543,emrE,568315,-0.0288030674,Inorganic ion transport and metabolism,#0000ff,
b4733,ylcJ,568695,0.0006615561,No COG annotation,#87cefa,
b0544,ybcK,568902,-0.0046955504,"Replication, recombination and repair",#ff00ff,
b0545,ybcL,570893,0.0074322904,Function unknown,#708090,
b0546,ybcM,571454,0.0053757558000000006,Transcription,#f4a460,
b0547,ybcN,572466,-0.0075545785,Function unknown,#708090,
b0550,rusA,573371,-0.031806538100000004,"Replication, recombination and repair",#ff00ff,
b0551,ybcQ,573956,-0.0148945515,Transcription,#f4a460,
b0552,insH-2,574737,-2.2968400000000002e-05,"Replication, recombination and repair",#ff00ff,
b0554,essD,577398,0.0051138675,Function unknown,#708090,
b0555,rrrD,577613,0.0105537214,Carbohydrate transport and metabolism,#ffc0cb,
b0556,rzpD,578107,-0.0399277267,Function unknown,#708090,
b0557,borD,578600,-0.0007180538,Function unknown,#708090,
b0558,ybcV,579184,0.0030605788000000003,Amino acid transport and metabolism,#ff0000,
b0559,ybcW,579880,0.005108465600000001,No COG annotation,#87cefa,
b4589,ylcI,580251,-0.013174676100000001,Function unknown,#708090,
b0560,nohD,580834,0.0165760535,"Replication, recombination and repair",#ff00ff,
b4634,aaaD,581354,0.017456674000000002,Function unknown,#708090,
b0561,tfaD,581534,-0.0094990266,Function unknown,#708090,
b0562,ybcY,582152,-0.04115813,No COG annotation,#87cefa,
b0563,tfaX,582875,0.009150541600000001,Function unknown,#708090,
b0564,appY,583681,-0.0095256557,Transcription,#f4a460,
b0565,ompT,584680,-0.0095225994,Cell wall/membrane/envelope biogenesis,#c71585,
b0566,envY,586147,0.0205060132,Transcription,#f4a460,
b0567,ybcH,587091,-0.034235467400000004,Function unknown,#708090,
b0568,nfrA,587982,0.0024602571,Cell wall/membrane/envelope biogenesis,#c71585,
b0569,nfrB,590941,0.0073178717,Cell wall/membrane/envelope biogenesis,#c71585,
b0570,cusS,593328,-0.009315131400000001,Signal transduction mechanisms,#00ff00,
b0571,cusR,594760,0.0449636299,Transcription,#f4a460,
b0572,cusC,595600,-0.0026463263,Cell wall/membrane/envelope biogenesis,#c71585,
b0573,cusF,597131,0.0009504487,Function unknown,#708090,
b0574,cusB,597479,-0.0004726814,Cell wall/membrane/envelope biogenesis,#c71585,
b0575,cusA,598714,0.0060857328,Inorganic ion transport and metabolism,#0000ff,
b0576,pheP,601959,0.0089003469,Inorganic ion transport and metabolism,#0000ff,
b0577,ybdG,603416,-0.007673127500000001,Cell wall/membrane/envelope biogenesis,#c71585,
b0578,nfsB,604771,0.0017916954,Energy production and conversion,#90ee90,
b0579,ybdF,605518,-0.0078393011,Function unknown,#708090,
b0580,ybdJ,605951,-0.0018970143000000001,Function unknown,#708090,
b0581,ybdK,606265,-0.0047867474,Nucleotide transport and metabolism,#00bfbf,
b0582,insL-2,608065,0.0031336169,"Replication, recombination and repair",#ff00ff,
b0583,entD,609459,0.008444942,Coenzyme transport and metabolism,#008000,
b0584,fepA,610254,-0.0166411596,Inorganic ion transport and metabolism,#0000ff,
b0585,fes,612737,0.0032045789,Inorganic ion transport and metabolism,#0000ff,
b4511,ybdZ,613942,0.0031936814,Function unknown,#708090,
b0586,entF,614157,-0.004468448,"Secondary metabolites biosynthesis, transport, and catabolism",#1e90ff,
b0587,fepE,618254,-0.0317315866,Cell wall/membrane/envelope biogenesis,#c71585,
b0588,fepC,619384,-0.0135671027,Inorganic ion transport and metabolism,#0000ff,
b0589,fepG,620196,0.0024617338,Inorganic ion transport and metabolism,#0000ff,
b0590,fepD,621185,0.0037391888000000003,Inorganic ion transport and metabolism,#0000ff,
b0591,entS,622300,0.0008658976,Amino acid transport and metabolism,#ff0000,
b0592,fepB,623554,0.0021383081000000003,Inorganic ion transport and metabolism,#0000ff,
b0593,entC,624885,0.0051705657,Coenzyme transport and metabolism,#008000,
b0594,entE,626070,0.014862890200000001,"Secondary metabolites biosynthesis, transport, and catabolism",#1e90ff,
b0595,entB,627694,-0.0024243392000000002,"Secondary metabolites biosynthesis, transport, and catabolism",#1e90ff,
b0596,entA,628551,-0.0015762925000000001,Lipid transport and metabolism,#40e0d0,
b0597,entH,629300,-0.0222405013,"Secondary metabolites biosynthesis, transport, and catabolism",#1e90ff,
b0598,cstA,629894,6.2157000000000005e-06,Signal transduction mechanisms,#00ff00,
b4512,ybdD,632182,0.0191929012,Function unknown,#708090,
b0599,hcxA,632389,-0.0045293191,Energy production and conversion,#90ee90,
b0600,ybdL,633586,-0.010246624400000001,Amino acid transport and metabolism,#ff0000,
b0601,ybdM,634747,0.0073023141,Transcription,#f4a460,
b0602,ybdN,635349,-0.0118428569,Function unknown,#708090,
b0603,ybdO,636716,-0.0146208582,Transcription,#f4a460,
b0604,dsbG,637827,-0.0033652797000000003,"Post-translational modification, protein turnover,and chaperones",#87ceeb,
b0605,ahpC,638945,0.0037127409000000003,"Post-translational modification, protein turnover,and chaperones",#87ceeb,
b0606,ahpF,639753,0.0013045659,"Post-translational modification, protein turnover,and chaperones",#87ceeb,
b0607,uspG,641439,0.0084475599,Signal transduction mechanisms,#00ff00,
b0608,ybdR,642088,-0.0042795605000000006,Amino acid transport and metabolism,#ff0000,
b0610,rnk,643557,0.0040067495,Transcription,#f4a460,
b0611,rna,644197,0.0025256646,"Translation, ribosomal structure and biogenesis",#000000,
b0612,citT,645117,-0.0008037979000000001,Inorganic ion transport and metabolism,#0000ff,
b0613,citG,646631,0.0038798177,Nucleotide transport and metabolism,#00bfbf,
b0614,citX,647484,-0.004394824,Coenzyme transport and metabolism,#008000,
b0615,citF,648039,0.0113278055,Energy production and conversion,#90ee90,
b0616,citE,649582,0.0125680719,Carbohydrate transport and metabolism,#ffc0cb,
b0617,citD,650487,0.0011864005,Energy production and conversion,#90ee90,
b0618,citC,650798,-0.0076064723,Coenzyme transport and metabolism,#008000,
b0619,dpiB,652235,0.0037399947,Signal transduction mechanisms,#00ff00,
b0620,dpiA,653862,-0.0081065033,Transcription,#f4a460,
b0621,dcuC,654583,-0.0057001693,Inorganic ion transport and metabolism,#0000ff,
b0622,pagP,656557,-0.0039673757,Cell wall/membrane/envelope biogenesis,#c71585,
b0623,cspE,657292,-0.0067376726,Transcription,#f4a460,
b0624,crcB,657555,0.010770704400000001,"Cell cycle control, cell division, chromosome partitioning",#bfbf00,
b4581,ybeM,658031,-0.0153285186,Function unknown,#708090,
b0627,tatE,658947,-0.026484710800000002,"Intracellular trafficking, secretion, and vesicular transport",#8b4513,
b0628,lipA,659251,-0.0017412888,Coenzyme transport and metabolism,#008000,
b0629,ybeF,660425,0.028119461800000002,Transcription,#f4a460,
b0630,lipB,661637,-0.0097509762,Coenzyme transport and metabolism,#008000,
b0631,ybeD,662379,-0.0032570900000000002,Function unknown,#708090,
b0632,dacA,662752,-0.0011868137000000001,Cell wall/membrane/envelope biogenesis,#c71585,
b0633,rlpA,664102,-0.0049721751,Cell wall/membrane/envelope biogenesis,#c71585,
b0634,mrdB,665201,0.0007479428,Cell wall/membrane/envelope biogenesis,#c71585,
b0635,mrdA,666316,0.0009793106,Cell wall/membrane/envelope biogenesis,#c71585,
b0636,rlmH,668248,-0.0073135221,"Translation, ribosomal structure and biogenesis",#000000,
b0637,rsfS,668719,-0.014515562800000001,"Translation, ribosomal structure and biogenesis",#000000,
b0638,cobC,669296,0.0112653918,Carbohydrate transport and metabolism,#ffc0cb,
b0639,nadD,669931,-0.0043032506,Coenzyme transport and metabolism,#008000,
b0640,holA,670574,-0.0038760396,"Replication, recombination and repair",#ff00ff,
b0641,lptE,671605,-0.0031617748000000003,Cell wall/membrane/envelope biogenesis,#c71585,
b0642,leuS,672201,0.0035919142,"Translation, ribosomal structure and biogenesis",#000000,
b0643,ybeL,675018,0.0150803642,"Translation, ribosomal structure and biogenesis",#000000,
b0644,ybeQ,675570,0.0042895197,No COG annotation,#87cefa,
b0646,djlB,677415,-0.0020241715,"Post-translational modification, protein turnover,and chaperones",#87ceeb,
b0647,ybeT,678852,-0.0019280816,Function unknown,#708090,
b0648,ybeU,679508,0.026479147800000002,Function unknown,#708090,
b0649,djlC,680212,0.0096980159,"Post-translational modification, protein turnover,and chaperones",#87ceeb,
b0650,hscC,681723,0.0074516518,"Post-translational modification, protein turnover,and chaperones",#87ceeb,
b0651,rihA,683477,0.0103540151,Nucleotide transport and metabolism,#00bfbf,
b0652,gltL,684530,-0.007925729500000001,Inorganic ion transport and metabolism,#0000ff,
b0653,gltK,685255,0.0041689681,Amino acid transport and metabolism,#ff0000,
b0654,gltJ,685929,0.0031162298,Inorganic ion transport and metabolism,#0000ff,
b0655,gltI,686839,-0.0057756945,Amino acid transport and metabolism,#ff0000,
b0656,insH-3,687997,-0.0017602531,"Replication, recombination and repair",#ff00ff,
b0657,lnt,689343,-0.0017502136,Cell wall/membrane/envelope biogenesis,#c71585,
b0658,ybeX,690906,0.0059096058,Inorganic ion transport and metabolism,#0000ff,
b0659,ybeY,691874,-0.0029576861,"Translation, ribosomal structure and biogenesis",#000000,
b0660,ybeZ,692338,-3.92981e-05,Signal transduction mechanisms,#00ff00,
b0661,miaB,693531,-0.0030200045,"Translation, ribosomal structure and biogenesis",#000000,
b0662,ubiF,695101,0.0022949102,Energy production and conversion,#90ee90,
b0674,asnB,697513,0.0056124327,Amino acid transport and metabolism,#ff0000,
b0675,umpH,699574,0.0022433538000000003,Carbohydrate transport and metabolism,#ffc0cb,
b0676,nagC,700374,-0.0044030084,Transcription,#f4a460,
b0677,nagA,701603,-0.0121982084,Carbohydrate transport and metabolism,#ffc0cb,
b0678,nagB,702811,-0.0048782433000000005,Nucleotide transport and metabolism,#00bfbf,
b0679,nagE,703944,-0.0030841641,Carbohydrate transport and metabolism,#ffc0cb,
b0680,glnS,706093,-0.007062756000000001,"Translation, ribosomal structure and biogenesis",#000000,
b0681,chiP,708334,-0.0163124148,Cell wall/membrane/envelope biogenesis,#c71585,
b0682,chiQ,709790,0.0370679973,Cell wall/membrane/envelope biogenesis,#c71585,
b0683,fur,710200,-0.00822486,Transcription,#f4a460,
b0684,fldA,710935,0.0092759283,Energy production and conversion,#90ee90,
b0685,ybfE,711605,-0.0005844050000000001,Function unknown,#708090,
b0686,ybfF,712038,-0.007885126400000001,Function unknown,#708090,
b0687,seqA,712987,-0.0123673859,"Replication, recombination and repair",#ff00ff,
b0688,pgm,713558,-0.0075699041,Carbohydrate transport and metabolism,#ffc0cb,
b0689,ybfP,715412,0.0292326254,No COG annotation,#87cefa,
b0691,ybfG,715947,-0.0169858475,Function unknown,#708090,
b0692,potE,716946,-0.0019750958,Amino acid transport and metabolism,#ff0000,
b0693,speF,718262,0.0003351351,Amino acid transport and metabolism,#ff0000,
b4590,ybfK,720583,0.028270613700000002,No COG annotation,#87cefa,
b0694,kdpE,721056,0.0054257866,Transcription,#f4a460,
b0695,kdpD,721730,0.0089680025,Signal transduction mechanisms,#00ff00,
b0696,kdpC,724407,-0.0017459973,Inorganic ion transport and metabolism,#0000ff,
b0697,kdpB,724988,-0.0013866556,Inorganic ion transport and metabolism,#0000ff,
b0698,kdpA,727059,-0.0101801402,Inorganic ion transport and metabolism,#0000ff,
b0699,ybfA,729134,-0.004143642,Function unknown,#708090,
b0700,rhsC,729583,0.0042546500000000004,Cell wall/membrane/envelope biogenesis,#c71585,
b0702,ybfB,733776,0.0070606679,No COG annotation,#87cefa,
b0703,ybfO,734220,-0.015225352000000001,Cell wall/membrane/envelope biogenesis,#c71585,
b0704,ybfC,735650,0.0020198097000000003,No COG annotation,#87cefa,
b4514,ybfQ,736445,-0.0076018583,"Replication, recombination and repair",#ff00ff,
b0705,ybfL,736900,0.00071248,"Replication, recombination and repair",#ff00ff,
b0706,ybfD,738092,0.0077216611,"Replication, recombination and repair",#ff00ff,
b0707,ybgA,739001,0.0046339445,Function unknown,#708090,
b0708,phr,739507,-0.008971571000000001,"Replication, recombination and repair",#ff00ff,
b0709,dtpD,741075,-0.013802768600000001,"Intracellular trafficking, secretion, and vesicular transport",#8b4513,
b0710,ybgI,742827,0.0070686671,Function unknown,#708090,
b0711,pxpB,743593,0.0002078011,Amino acid transport and metabolism,#ff0000,
b0712,pxpC,744243,0.0016869339000000001,Amino acid transport and metabolism,#ff0000,
b0713,pxpA,745165,0.0012544333,Function unknown,#708090,
b0714,nei,745935,0.0230875945,"Replication, recombination and repair",#ff00ff,
b0715,abrB,746723,-0.000906959,Function unknown,#708090,
b0716,ybgO,747921,-0.0011711479,Cell motility,#da70d6,
b0717,ybgP,748979,-0.0125455027,Cell wall/membrane/envelope biogenesis,#c71585,
b0718,ybgQ,749722,0.0104437527,Cell motility,#da70d6,
b0719,ybgD,752229,-0.0085796052,Cell motility,#da70d6,
b0720,gltA,753185,-0.001622855,Energy production and conversion,#90ee90,
b4735,ybgU,754674,0.0159063478,No COG annotation,#87cefa,
b0721,sdhC,755177,0.0034430129,Energy production and conversion,#90ee90,
b0722,sdhD,755560,-0.0034634086,Energy production and conversion,#90ee90,
b0723,sdhA,755907,0.0098115133,Energy production and conversion,#90ee90,
b0724,sdhB,757689,0.0050182171,Energy production and conversion,#90ee90,
b0726,sucA,758706,-0.0027759815,Nucleotide transport and metabolism,#00bfbf,
b0727,sucB,761522,-0.0004875694,Energy production and conversion,#90ee90,
b0728,sucC,763014,0.0065585054,Nucleotide transport and metabolism,#00bfbf,
b0729,sucD,764180,0.008207062000000001,Energy production and conversion,#90ee90,
b0730,mngR,765153,-0.0100099471,Transcription,#f4a460,
b0731,mngA,765984,0.0139205942,Carbohydrate transport and metabolism,#ffc0cb,
b0732,mngB,767978,-0.004410867000000001,Carbohydrate transport and metabolism,#ffc0cb,
b0733,cydA,771458,0.0063156340000000005,Energy production and conversion,#90ee90,
b0734,cydB,773042,-0.0083713122,Energy production and conversion,#90ee90,
b4515,cydX,774196,0.0045662668000000005,Function unknown,#708090,
b0735,ybgE,774309,-0.0039701065,Function unknown,#708090,
b0736,ybgC,774752,-0.005008614000000001,Function unknown,#708090,
b0737,tolQ,775153,0.0107199496,"Intracellular trafficking, secretion, and vesicular transport",#8b4513,
b0738,tolR,775849,0.0021708598,"Intracellular trafficking, secretion, and vesicular transport",#8b4513,
b0739,tolA,776342,0.0042856865,"Intracellular trafficking, secretion, and vesicular transport",#8b4513,
b0740,tolB,777740,-0.004117005500000001,"Intracellular trafficking, secretion, and vesicular transport",#8b4513,
b0741,pal,779067,0.0068245014,Cell wall/membrane/envelope biogenesis,#c71585,
b0742,cpoB,779598,-0.0002210129,"Cell cycle control, cell division, chromosome partitioning",#bfbf00,
b0750,nadA,782085,-0.0117855437,Nucleotide transport and metabolism,#00bfbf,
b0751,pnuC,783166,-0.0046171698,Coenzyme transport and metabolism,#008000,
b0752,zitB,783882,-0.007677112000000001,Inorganic ion transport and metabolism,#0000ff,
b0753,ybgS,784937,0.0036585535000000003,Function unknown,#708090,
b0754,aroG,785633,-0.0025187809000000003,Amino acid transport and metabolism,#ff0000,
b0755,gpmA,786843,0.0031602521,Nucleotide transport and metabolism,#00bfbf,
b0756,galM,787797,-0.0025104383,Carbohydrate transport and metabolism,#ffc0cb,
b0757,galK,788831,-0.012160359,Nucleotide transport and metabolism,#00bfbf,
b0758,galT,789983,0.0083384782,Energy production and conversion,#90ee90,
b0759,galE,791039,0.0004152173,Cell wall/membrane/envelope biogenesis,#c71585,
b0760,modF,792316,-0.002223132,Inorganic ion transport and metabolism,#0000ff,
b0761,modE,793856,-0.0047241106,Transcription,#f4a460,
b0762,acrZ,794773,0.0047481712,"Intracellular trafficking, secretion, and vesicular transport",#8b4513,
b0763,modA,795089,0.0120836591,Inorganic ion transport and metabolism,#0000ff,
b0764,modB,795862,0.0072962378,Inorganic ion transport and metabolism,#0000ff,
b0765,modC,796554,0.0034093956,Inorganic ion transport and metabolism,#0000ff,
b0766,ybhA,797613,0.0091351634,Function unknown,#708090,
b0767,pgl,798586,-0.0117446415,Nucleotide transport and metabolism,#00bfbf,
b0768,ybhD,799622,0.0021469733,Transcription,#f4a460,
b0770,ybhI,801887,-0.0068394594,Inorganic ion transport and metabolism,#0000ff,
b0771,ybhJ,803503,0.0055479647000000005,Energy production and conversion,#90ee90,
b0772,ybhC,805998,-0.0078607874,Cell wall/membrane/envelope biogenesis,#c71585,
b0773,ybhB,807433,0.0129010806,Function unknown,#708090,
b0774,bioA,807968,-0.0038720861000000003,Coenzyme transport and metabolism,#008000,
b0775,bioB,809344,-0.0016481287,Coenzyme transport and metabolism,#008000,
b0776,bioF,810381,-0.001809884,Coenzyme transport and metabolism,#008000,
b0777,bioC,811522,-0.0102589523,Coenzyme transport and metabolism,#008000,
b0778,bioD,812270,0.0025632297,Coenzyme transport and metabolism,#008000,
b0779,uvrB,813526,0.005820711,"Replication, recombination and repair",#ff00ff,
b0780,ybhK,815739,-0.0042249831,Function unknown,#708090,
b0781,moaA,817044,-0.026315140100000002,Coenzyme transport and metabolism,#008000,
b0782,moaB,818055,-0.0130361525,Coenzyme transport and metabolism,#008000,
b0783,moaC,818570,-0.0011086114,Coenzyme transport and metabolism,#008000,
b0784,moaD,819048,-0.0003875071,Coenzyme transport and metabolism,#008000,
b0785,moaE,819295,0.001978975,Coenzyme transport and metabolism,#008000,
b0786,ybhL,819884,0.0021346815,Function unknown,#708090,
b0787,ybhM,820793,-0.0180632074,Function unknown,#708090,
b0788,ybhN,821542,0.0099450821,Function unknown,#708090,
b0789,clsB,822498,0.001352158,Lipid transport and metabolism,#40e0d0,
b0790,ybhP,823736,0.017749391700000002,"Replication, recombination and repair",#ff00ff,
b0791,ybhQ,824630,-0.0018361889,Function unknown,#708090,
b0792,ybhR,825002,0.0036668445,Defense mechanisms,#d3d3d3,
b0793,ybhS,826119,0.0028403866,Defense mechanisms,#d3d3d3,
b0794,ybhF,827245,-0.0035867548,Defense mechanisms,#d3d3d3,
b0795,ybhG,828974,0.0010482155,Cell wall/membrane/envelope biogenesis,#c71585,
b0796,cecR,829972,-0.0046118026,Transcription,#f4a460,
b0797,rhlE,830872,-0.012914154,Nucleotide transport and metabolism,#00bfbf,
b0798,ybiA,832468,-9.45858e-05,"Post-translational modification, protein turnover,and chaperones",#87ceeb,
b0799,dinG,833070,-0.001765325,"Replication, recombination and repair",#ff00ff,
b0800,ybiB,835248,-0.0038864765,Amino acid transport and metabolism,#ff0000,
b0801,hcxB,836351,0.0105407634,Energy production and conversion,#90ee90,
b0802,ybiJ,837665,-0.0054692646,Function unknown,#708090,
b0803,ybiI,838190,-0.0008981013,Signal transduction mechanisms,#00ff00,
b0804,ybiX,838530,-0.011304561000000001,Function unknown,#708090,
b0805,fiu,839249,0.0138676354,Inorganic ion transport and metabolism,#0000ff,
b0806,mcbA,841796,0.060267765,Function unknown,#708090,
b0807,rlmF,842332,-0.0207764359,"Translation, ribosomal structure and biogenesis",#000000,
b0808,ybiO,843255,0.0089327049,Cell wall/membrane/envelope biogenesis,#c71585,
b0809,glnQ,845741,-0.0053769734,Amino acid transport and metabolism,#ff0000,
b0810,glnP,846460,-0.0001959335,Inorganic ion transport and metabolism,#0000ff,
b0811,glnH,847258,0.0037975571,Amino acid transport and metabolism,#ff0000,
b0812,dps,848408,0.0099558847,Inorganic ion transport and metabolism,#0000ff,
b0813,rhtA,849210,-0.0013462722,Function unknown,#708090,
b0814,ompX,850450,-0.0112071362,Cell wall/membrane/envelope biogenesis,#c71585,
b0815,opgE,851014,-0.003270002,Function unknown,#708090,
b4705,mntS,852869,0.0210837678,No COG annotation,#87cefa,
b0817,mntR,853183,-5.19772e-05,Transcription,#f4a460,
b0818,ybiR,853647,0.0043401795,Inorganic ion transport and metabolism,#0000ff,
b0819,ldtB,854824,-0.0022859683,Cell wall/membrane/envelope biogenesis,#c71585,
b0820,ybiT,855963,-0.0097733942,Function unknown,#708090,
b0821,ybiU,857796,0.004883132,Function unknown,#708090,
b0822,ybiV,859213,-0.0123171319,Function unknown,#708090,
b0823,ybiW,860174,-0.0060276919,Energy production and conversion,#90ee90,
b0824,ybiY,862612,-0.0051722325,"Post-translational modification, protein turnover,and chaperones",#87ceeb,
b0825,fsaA,863642,0.0045307006000000006,Carbohydrate transport and metabolism,#ffc0cb,
b0826,moeB,864380,-0.0125196865,Coenzyme transport and metabolism,#008000,
b0827,moeA,865129,0.0035552039,Coenzyme transport and metabolism,#008000,
b0828,iaaA,866568,0.0168762035,Amino acid transport and metabolism,#ff0000,
b0829,gsiA,867520,0.0072693524,Inorganic ion transport and metabolism,#0000ff,
b0830,gsiB,869411,0.0006246091000000001,Amino acid transport and metabolism,#ff0000,
b0831,gsiC,870967,-0.0076229862,Amino acid transport and metabolism,#ff0000,
b0832,gsiD,871890,-0.00046420550000000004,Amino acid transport and metabolism,#ff0000,
b0833,pdeI,872979,-0.0058657463,Signal transduction mechanisms,#00ff00,
b0834,dgcI,875335,-0.0050779246,Signal transduction mechanisms,#00ff00,
b0835,rimO,876710,0.0074241374,"Translation, ribosomal structure and biogenesis",#000000,
b0836,bssR,878248,-0.0105741273,Function unknown,#708090,
b0837,yliI,878742,-0.032057560900000004,Carbohydrate transport and metabolism,#ffc0cb,
b0838,gstB,879854,-0.0079807998,"Post-translational modification, protein turnover,and chaperones",#87ceeb,
b0839,dacC,880727,-0.0038697838,Cell wall/membrane/envelope biogenesis,#c71585,
b0840,deoR,881976,-0.0065074676000000005,Transcription,#f4a460,
b0841,ybjG,882792,-0.0024845722,Lipid transport and metabolism,#40e0d0,
b0842,mdfA,883673,-0.0028357529000000003,Amino acid transport and metabolism,#ff0000,
b0843,ybjH,884946,0.0096262029,No COG annotation,#87cefa,
b0844,ybjI,885316,-0.018002594400000002,Function unknown,#708090,
b0845,ybjJ,886131,-0.0061888182000000005,Carbohydrate transport and metabolism,#ffc0cb,
b0846,rcdA,887423,-0.0066967986000000005,Transcription,#f4a460,
b0847,ybjL,888134,0.0066597654,Inorganic ion transport and metabolism,#0000ff,
b0848,ybjM,890089,-0.0035174077,Function unknown,#708090,
b0849,grxA,890496,0.011024731900000001,"Post-translational modification, protein turnover,and chaperones",#87ceeb,
b0850,ybjC,890913,0.0042897944000000006,Function unknown,#708090,
b0851,nfsA,891184,0.014998583900000001,Energy production and conversion,#90ee90,
b0852,rimK,891967,-0.0016798514000000001,Nucleotide transport and metabolism,#00bfbf,
b0853,ybjN,892957,0.0041801589000000005,Function unknown,#708090,
b0854,potF,893784,0.0076041969000000004,Inorganic ion transport and metabolism,#0000ff,
b0855,potG,894991,0.0219218204,Inorganic ion transport and metabolism,#0000ff,
b0856,potH,896134,0.0360869148,Inorganic ion transport and metabolism,#0000ff,
b0857,potI,897084,0.0370549546,Inorganic ion transport and metabolism,#0000ff,
b0858,ybjO,897989,0.0087320061,Function unknown,#708090,
b0859,rlmC,898518,0.0077916842,"Translation, ribosomal structure and biogenesis",#000000,
b0860,artJ,899844,0.011761311200000001,Amino acid transport and metabolism,#ff0000,
b0861,artM,900866,-0.0036461564,Inorganic ion transport and metabolism,#0000ff,
b0862,artQ,901534,-0.0038297475000000003,Inorganic ion transport and metabolism,#0000ff,
b0863,artI,902257,0.0076307034,Amino acid transport and metabolism,#ff0000,
b0864,artP,903006,-0.0082272327,Inorganic ion transport and metabolism,#0000ff,
b0865,ybjP,903952,0.01070872,Cell wall/membrane/envelope biogenesis,#c71585,
b0866,ybjQ,904593,0.0126897853,Function unknown,#708090,
b0867,amiD,904913,-0.00040349120000000003,Defense mechanisms,#d3d3d3,
b0868,ybjS,905740,-0.0029569127,Cell wall/membrane/envelope biogenesis,#c71585,
b0869,ybjT,906852,0.0018780136,Carbohydrate transport and metabolism,#ffc0cb,
b0870,ltaE,908293,-0.0024779251,Amino acid transport and metabolism,#ff0000,
b0871,poxB,909331,0.0038788981,Energy production and conversion,#90ee90,
b0872,hcr,911182,-0.0280009594,Energy production and conversion,#90ee90,
b0873,hcp,912162,-0.0430945303,Energy production and conversion,#90ee90,
b0874,lysO,913958,0.010112716,Function unknown,#708090,
b0875,aqpZ,915352,0.0081925767,Carbohydrate transport and metabolism,#ffc0cb,
b0876,ybjD,916473,-0.0093231501,"Replication, recombination and repair",#ff00ff,
b0877,ybjX,918128,-0.0001867459,Function unknown,#708090,
b0878,macA,919235,-0.0036500091,Cell wall/membrane/envelope biogenesis,#c71585,
b0879,macB,920347,-0.0056094064,Defense mechanisms,#d3d3d3,
b0880,cspD,922366,0.0154883573,Transcription,#f4a460,
b0881,clpS,922913,-0.0048707705000000006,Function unknown,#708090,
b0882,clpA,923264,-0.012162888600000001,"Post-translational modification, protein turnover,and chaperones",#87ceeb,
b0884,infA,926225,-0.0010845461,"Translation, ribosomal structure and biogenesis",#000000,
b0885,aat,926728,-0.0050183534,"Post-translational modification, protein turnover,and chaperones",#87ceeb,
b0886,cydC,927474,0.0091945735,Inorganic ion transport and metabolism,#0000ff,
b0887,cydD,929196,0.0108673219,Inorganic ion transport and metabolism,#0000ff,
b0888,trxB,931085,-0.0065226548,"Post-translational modification, protein turnover,and chaperones",#87ceeb,
b0889,lrp,932595,-0.0053131775,Transcription,#f4a460,
b0890,ftsK,933224,-0.00102971,"Cell cycle control, cell division, chromosome partitioning",#bfbf00,
b0891,lolA,937372,0.0070655895,Cell wall/membrane/envelope biogenesis,#c71585,
b0892,rarA,937994,-0.0105200927,"Replication, recombination and repair",#ff00ff,
b0893,serS,939428,-0.0041949044,"Translation, ribosomal structure and biogenesis",#000000,
b0894,dmsA,940959,0.0081680703,Energy production and conversion,#90ee90,
b0895,dmsB,943414,0.0165816715,Energy production and conversion,#90ee90,
b0896,dmsC,944033,0.0043886326,Function unknown,#708090,
b0897,ycaC,944931,-0.0031625747000000003,"Secondary metabolites biosynthesis, transport, and catabolism",#1e90ff,
b0898,ycaD,945871,0.0050785245,Amino acid transport and metabolism,#ff0000,
b0899,ycaM,947229,0.0167933994,Inorganic ion transport and metabolism,#0000ff,
b0900,ycaN,948660,0.0291648976,Transcription,#f4a460,
b0901,ycaK,949668,0.0163482917,Function unknown,#708090,
b0902,pflA,950340,-0.0072190207,"Post-translational modification, protein turnover,and chaperones",#87ceeb,
b0903,pflB,951272,-0.0052364774,Energy production and conversion,#90ee90,
b0904,focA,953609,0.009587429100000001,Inorganic ion transport and metabolism,#0000ff,
b0905,ycaO,954872,-0.0044902648,Function unknown,#708090,
b0906,ycaP,956762,0.0059657095,Function unknown,#708090,
b0907,serC,957653,0.0041074842,Coenzyme transport and metabolism,#008000,
b0908,aroA,958812,-0.0043157773,Amino acid transport and metabolism,#ff0000,
b0909,ycaL,960264,6.89602e-05,"Post-translational modification, protein turnover,and chaperones",#87ceeb,
b0910,cmk,961201,0.00044654220000000004,Nucleotide transport and metabolism,#00bfbf,
b0911,rpsA,961995,0.0018404995000000002,"Translation, ribosomal structure and biogenesis",#000000,
b0912,ihfB,963828,0.00941732,Transcription,#f4a460,
b0913,ycaI,964320,0.0011459374,Function unknown,#708090,
b0914,msbA,966621,-0.0041074822,Defense mechanisms,#d3d3d3,
b0915,lpxK,968366,0.0026461729,Lipid transport and metabolism,#40e0d0,
b0916,ycaQ,969389,-0.0036487352000000002,Function unknown,#708090,
b0917,ycaR,970673,0.0025513608,Function unknown,#708090,
b0918,kdsB,970852,0.0027383182,Cell wall/membrane/envelope biogenesis,#c71585,
b0919,ycbJ,971752,-0.0057640858,Function unknown,#708090,
b0920,elyC,972622,0.0039163885,Function unknown,#708090,
b0921,cmoM,973537,-0.0070089018,"Translation, ribosomal structure and biogenesis",#000000,
b0922,mukF,974319,-0.0005299135,"Cell cycle control, cell division, chromosome partitioning",#bfbf00,
b0923,mukE,975622,-0.0079066467,"Cell cycle control, cell division, chromosome partitioning",#bfbf00,
b0924,mukB,976326,-0.0055657587,"Cell cycle control, cell division, chromosome partitioning",#bfbf00,
b0925,ldtD,981047,-0.0105302641,Cell wall/membrane/envelope biogenesis,#c71585,
b0926,ycbK,983075,0.0046423153,Function unknown,#708090,
b0927,gloC,983650,-0.0036916046,Function unknown,#708090,
b0928,aspC,984519,0.0045554243,Amino acid transport and metabolism,#ff0000,
b0929,ompF,985894,-0.0175570593,Cell wall/membrane/envelope biogenesis,#c71585,
b0930,asnS,987585,-0.008442612300000001,"Translation, ribosomal structure and biogenesis",#000000,
b0931,pncB,989154,-0.004937589300000001,Nucleotide transport and metabolism,#00bfbf,
b0932,pepN,990622,-0.001124728,Amino acid transport and metabolism,#ff0000,
b0933,ssuB,993277,0.0068977077,Inorganic ion transport and metabolism,#0000ff,
b0934,ssuC,994041,-0.0089204886,Inorganic ion transport and metabolism,#0000ff,
b0935,ssuD,994843,-0.0042814036,Energy production and conversion,#90ee90,
b0936,ssuA,995985,0.0029462034000000002,Inorganic ion transport and metabolism,#0000ff,
b0937,ssuE,996937,0.021805836800000002,Function unknown,#708090,
b0938,elfA,997868,0.0008706024000000001,Cell motility,#da70d6,
b0939,elfD,998490,0.0025481510000000002,Cell motility,#da70d6,
b0940,elfC,999216,-0.0018253999999999998,Cell motility,#da70d6,
b0941,elfG,1001807,-0.01614606,Cell motility,#da70d6,
b0942,ycbU,1002889,-0.0235514099,Cell motility,#da70d6,
b0943,ycbV,1003439,0.0105345591,Cell motility,#da70d6,
b0944,ycbF,1003947,0.0013201839,Cell motility,#da70d6,
b0945,pyrD,1004768,0.0237698241,Nucleotide transport and metabolism,#00bfbf,
b0946,zapC,1005952,0.0088476664,"Cell cycle control, cell division, chromosome partitioning",#bfbf00,
b0947,ycbX,1006491,-0.0064515462,Energy production and conversion,#90ee90,
b0948,rlmL,1007844,-0.0020378297,"Translation, ribosomal structure and biogenesis",#000000,
b0949,uup,1009964,-0.0026012773,Function unknown,#708090,
b0950,pqiA,1012001,-0.0047015069,Function unknown,#708090,
b0951,pqiB,1013259,2.47185e-05,"Secondary metabolites biosynthesis, transport, and catabolism",#1e90ff,
b0952,pqiC,1014896,-0.0030016223,Function unknown,#708090,
b0953,rmf,1015715,0.036762080600000004,"Translation, ribosomal structure and biogenesis",#000000,
b0954,fabA,1015952,-0.005032053000000001,Lipid transport and metabolism,#40e0d0,
b0955,ycbZ,1016539,-0.0019179596,"Post-translational modification, protein turnover,and chaperones",#87ceeb,
b0956,matP,1018485,0.0083595566,"Cell cycle control, cell division, chromosome partitioning",#bfbf00,
b0957,ompA,1019013,-0.011728935900000001,Cell wall/membrane/envelope biogenesis,#c71585,
b0958,sulA,1020410,-0.0114103864,"Cell cycle control, cell division, chromosome partitioning",#bfbf00,
b0959,sxy,1021138,0.0038824176,Transcription,#f4a460,
b0960,yccS,1021730,-0.0013303059,Function unknown,#708090,
b0961,yccF,1023902,0.0137712839,Function unknown,#708090,
b0962,helD,1024471,0.0025170057,"Replication, recombination and repair",#ff00ff,
b0963,mgsA,1026557,0.0009654440000000001,Carbohydrate transport and metabolism,#ffc0cb,
b0964,yccT,1027111,0.0029126999000000002,Function unknown,#708090,
b0965,yccU,1027946,-0.0094019103,Function unknown,#708090,
b0966,hspQ,1028404,-0.0122332689,Function unknown,#708090,
b0967,rlmI,1028779,-0.0132248984,"Translation, ribosomal structure and biogenesis",#000000,
b0968,yccX,1030064,-0.0084907808,Energy production and conversion,#90ee90,
b0969,tusE,1030339,-0.0065373001,"Translation, ribosomal structure and biogenesis",#000000,
b0970,yccA,1030759,-0.0097714761,Function unknown,#708090,
b0972,hyaA,1032139,-0.0081427274,Energy production and conversion,#90ee90,
b0973,hyaB,1033254,-0.0066363977,Energy production and conversion,#90ee90,
b0974,hyaC,1035066,-0.0196697622,Energy production and conversion,#90ee90,
b0975,hyaD,1035770,0.0026895633,"Post-translational modification, protein turnover,and chaperones",#87ceeb,
b0976,hyaE,1036354,-0.0205365729,Function unknown,#708090,
b0977,hyaF,1036749,0.0003016752,Energy production and conversion,#90ee90,
b0978,appC,1037740,0.0142087839,Energy production and conversion,#90ee90,
b0979,appB,1039296,0.0163094011,Energy production and conversion,#90ee90,
b0980,appA,1040617,0.0156267766,Function unknown,#708090,
b0981,etk,1042030,0.0059201383,"Cell cycle control, cell division, chromosome partitioning",#bfbf00,
b0982,etp,1044230,-0.0126753151,Signal transduction mechanisms,#00ff00,
b0983,gfcE,1044664,0.0076247038,Cell wall/membrane/envelope biogenesis,#c71585,
b0984,gfcD,1045849,-0.0109722277,Cell wall/membrane/envelope biogenesis,#c71585,
b0985,gfcC,1047945,0.0140399185,Function unknown,#708090,
b0986,gfcB,1048688,0.0155436128,Cell wall/membrane/envelope biogenesis,#c71585,
b0987,gfcA,1049439,0.0064040137,No COG annotation,#87cefa,
b4516,insA-4,1049833,0.0188023554,"Replication, recombination and repair",#ff00ff,
b0988,insB-4,1050027,-0.0083600305,"Replication, recombination and repair",#ff00ff,
b0989,cspH,1050963,0.0057325581,Transcription,#f4a460,
b0990,cspG,1051461,-0.0020245153000000003,Transcription,#f4a460,
b4723,ymcF,1051684,-0.0006863361,No COG annotation,#87cefa,
b0991,ymcE,1051847,0.0017808096000000002,Function unknown,#708090,
b4517,gnsA,1052067,0.0096655898,Function unknown,#708090,
b0992,yccM,1052289,0.0047272835,Energy production and conversion,#90ee90,
b0993,torS,1053434,-0.008581833300000001,Signal transduction mechanisms,#00ff00,
b0994,torT,1056261,-0.026987547100000002,Carbohydrate transport and metabolism,#ffc0cb,
b0995,torR,1057262,0.009154628500000001,Transcription,#f4a460,
b0996,torC,1058084,0.007575211300000001,Energy production and conversion,#90ee90,
b0997,torA,1059256,0.0053473065,Energy production and conversion,#90ee90,
b0998,torD,1061799,-0.0078165948,"Post-translational modification, protein turnover,and chaperones",#87ceeb,
b0999,cbpM,1062550,0.0005739249,Transcription,#f4a460,
b1000,cbpA,1062855,0.0030885206,"Post-translational modification, protein turnover,and chaperones",#87ceeb,
b1001,yccE,1064036,0.0012333941,No COG annotation,#87cefa,
b1002,agp,1065585,0.011432006100000001,Function unknown,#708090,
b1003,yccJ,1066864,-0.0039148222,Function unknown,#708090,
b1004,wrbA,1067112,0.0035806294000000002,Function unknown,#708090,
b4518,ymdF,1068081,-0.0243729747,No COG annotation,#87cefa,
b1006,rutG,1068511,0.0148914184,Nucleotide transport and metabolism,#00bfbf,
b1007,rutF,1069860,-0.0060369712,Energy production and conversion,#90ee90,
b1008,rutE,1070365,-0.0370495883,Energy production and conversion,#90ee90,
b1009,rutD,1070965,0.0093046226,Nucleotide transport and metabolism,#00bfbf,
b1010,rutC,1071773,0.0210211036,"Translation, ribosomal structure and biogenesis",#000000,
b1011,rutB,1072171,0.0009415897000000001,"Secondary metabolites biosynthesis, transport, and catabolism",#1e90ff,
b1012,rutA,1072863,-0.0087890369,Nucleotide transport and metabolism,#00bfbf,
b1013,rutR,1074242,-0.0042213964,Transcription,#f4a460,
b1014,putA,1074920,-0.0008609213000000001,Transcription,#f4a460,
b4737,ymdG,1079024,-0.005449433,No COG annotation,#87cefa,
b1015,putP,1079305,-0.0085387499,Inorganic ion transport and metabolism,#0000ff,
b4490,efeU,1081356,-0.003304388,No COG annotation,#87cefa,
b1018,efeO,1082243,-0.0072206414,Inorganic ion transport and metabolism,#0000ff,
b1019,efeB,1083376,-0.0047512847,Inorganic ion transport and metabolism,#0000ff,
b1020,phoH,1084992,-0.0172138862,Signal transduction mechanisms,#00ff00,
b1021,pgaD,1086106,-0.0013135086000000001,Function unknown,#708090,
b1022,pgaC,1086521,-0.0080744058,Cell wall/membrane/envelope biogenesis,#c71585,
b1023,pgaB,1087839,-0.019779653,Cell wall/membrane/envelope biogenesis,#c71585,
b1024,pgaA,1089866,0.0197003302,Function unknown,#708090,
b1025,dgcT,1092876,0.0024613581,Signal transduction mechanisms,#00ff00,
b1026,insF-4,1094275,0.0068855471,"Replication, recombination and repair",#ff00ff,
b1027,insE-4,1095138,0.0074148674000000005,"Replication, recombination and repair",#ff00ff,
b1029,ycdU,1095843,-0.005136483900000001,No COG annotation,#87cefa,
b1033,ghrA,1097886,-0.0037619713000000003,Amino acid transport and metabolism,#ff0000,
b1034,ycdX,1098879,0.0085328945,Amino acid transport and metabolism,#ff0000,
b1035,ycdY,1099640,0.0022600240000000002,Function unknown,#708090,
b1036,ycdZ,1100296,-0.0220726218,Function unknown,#708090,
b1037,csgG,1100851,0.0154365184,Cell wall/membrane/envelope biogenesis,#c71585,
b1038,csgF,1101711,0.0016179941,Function unknown,#708090,
b1039,csgE,1102152,0.0014341509,Function unknown,#708090,
b1040,csgD,1102546,-0.0033446033,Transcription,#f4a460,
b1041,csgB,1103951,-0.017824958800000002,Function unknown,#708090,
b1042,csgA,1104447,-0.0013503703000000001,Function unknown,#708090,
b1043,csgC,1104961,-0.0111572758,Cell wall/membrane/envelope biogenesis,#c71585,
b1044,ymdA,1105414,0.010921382,No COG annotation,#87cefa,
b1045,ymdB,1105820,0.0065038087000000005,Function unknown,#708090,
b1046,clsC,1106355,0.0040996701,Lipid transport and metabolism,#40e0d0,
b1047,opgC,1107784,0.0175990298,Lipid transport and metabolism,#40e0d0,
b1048,opgG,1109335,0.000758499,Inorganic ion transport and metabolism,#0000ff,
b1049,opgH,1110863,0.0048179063,Cell wall/membrane/envelope biogenesis,#c71585,
b1050,yceK,1113579,-0.016635692100000002,Function unknown,#708090,
b1051,msyB,1113807,0.0073827243,Function unknown,#708090,
b1053,mdtG,1114264,-0.0026702352,Amino acid transport and metabolism,#ff0000,
b1054,lpxL,1115662,-0.0031925334,Cell wall/membrane/envelope biogenesis,#c71585,
b1055,yceA,1116807,0.0033280572000000002,Function unknown,#708090,
b1056,yceI,1117901,0.0259027759,Function unknown,#708090,
b1057,yceJ,1118480,0.009348776500000001,Energy production and conversion,#90ee90,
b1059,solA,1119468,0.0027572979,Amino acid transport and metabolism,#ff0000,
b1060,bssS,1120701,-0.0103034657,Function unknown,#708090,
b1061,dinI,1121242,-0.0426355784,"Replication, recombination and repair",#ff00ff,
b1062,pyrC,1121561,0.0013241457000000001,Nucleotide transport and metabolism,#00bfbf,
b1063,yceB,1122713,-0.0074474882000000004,Function unknown,#708090,
b1064,grxB,1123407,0.002272581,"Post-translational modification, protein turnover,and chaperones",#87ceeb,
b1065,mdtH,1124118,0.0024182742000000003,Amino acid transport and metabolism,#ff0000,
b1066,rimJ,1125562,0.0071653285,"Translation, ribosomal structure and biogenesis",#000000,
b1067,yceH,1126157,0.015463994200000001,Function unknown,#708090,
b1068,yceM,1126806,0.0012128945000000001,Function unknown,#708090,
b1069,murJ,1127839,0.0101035977,Function unknown,#708090,
b1070,flgN,1129414,0.0029455061,Cell motility,#da70d6,
b1071,flgM,1129835,-0.0016788706,Cell motility,#da70d6,
b1072,flgA,1130204,-0.012084906500000001,Cell motility,#da70d6,
b1073,flgB,1131018,-0.0024886626,Cell motility,#da70d6,
b1074,flgC,1131438,0.001626201,Cell motility,#da70d6,
b1075,flgD,1131854,-0.0039891200000000005,Cell motility,#da70d6,
b1076,flgE,1132574,-0.0063363118,Cell motility,#da70d6,
b1077,flgF,1133802,0.005984509000000001,Cell motility,#da70d6,
b1078,flgG,1134729,-0.0066965322,Cell motility,#da70d6,
b1079,flgH,1135564,0.0021206777,Cell motility,#da70d6,
b1080,flgI,1136274,0.0031644499,Cell motility,#da70d6,
b1081,flgJ,1137371,0.0046103498,Cell wall/membrane/envelope biogenesis,#c71585,
b1082,flgK,1138378,0.012947223300000001,Cell motility,#da70d6,
b1083,flgL,1140033,0.0058423235000000006,Cell motility,#da70d6,
b1084,rne,1141182,-1.86087e-05,"Translation, ribosomal structure and biogenesis",#000000,
b1085,yceQ,1144502,0.011318587000000001,Function unknown,#708090,
b1086,rluC,1144940,0.011756190100000001,"Translation, ribosomal structure and biogenesis",#000000,
b1087,yceF,1146011,0.0025307611,"Cell cycle control, cell division, chromosome partitioning",#bfbf00,
b1088,yceD,1146794,0.0095607225,Function unknown,#708090,
b1089,rpmF,1147367,-0.0040722221,"Translation, ribosomal structure and biogenesis",#000000,
b1090,plsX,1147621,0.0115028176,Lipid transport and metabolism,#40e0d0,
b1091,fabH,1148759,0.003329508,Lipid transport and metabolism,#40e0d0,
b1092,fabD,1149728,-0.0009534568,Lipid transport and metabolism,#40e0d0,
b1093,fabG,1150670,0.0078281266,Lipid transport and metabolism,#40e0d0,
b1094,acpP,1151615,0.0076656818,Lipid transport and metabolism,#40e0d0,
b1095,fabF,1151939,0.0087875689,Lipid transport and metabolism,#40e0d0,
b1096,pabC,1153300,0.0002341156,Coenzyme transport and metabolism,#008000,
b1097,mltG,1154112,-0.0071395933,Function unknown,#708090,
b1098,tmk,1155124,0.0040278250000000005,Nucleotide transport and metabolism,#00bfbf,
b1099,holB,1155762,-0.00034746420000000003,"Replication, recombination and repair",#ff00ff,
b1100,ycfH,1156777,-0.0027803812000000002,"Replication, recombination and repair",#ff00ff,
b1101,ptsG,1157869,0.0043037014,Carbohydrate transport and metabolism,#ffc0cb,
b1102,fhuE,1159362,0.0156460983,Inorganic ion transport and metabolism,#0000ff,
b1103,hinT,1161885,-0.0029989649,Nucleotide transport and metabolism,#00bfbf,
b1104,ycfL,1162247,-0.0018982336,Function unknown,#708090,
b1105,lpoB,1162638,-0.0054433780000000005,Cell wall/membrane/envelope biogenesis,#c71585,
b1106,thiK,1163260,-0.0129021016,Nucleotide transport and metabolism,#00bfbf,
b1107,nagZ,1164095,0.010514836900000001,Cell wall/membrane/envelope biogenesis,#c71585,
b1108,ycfP,1165143,-0.0045252519,Function unknown,#708090,
b1109,ndh,1166085,0.005846848,Energy production and conversion,#90ee90,
b1110,ycfJ,1167599,0.0450051096,Function unknown,#708090,
b1111,comR,1168200,-0.0112474905,Transcription,#f4a460,
b1112,bhsA,1169073,0.0053371733,Cell wall/membrane/envelope biogenesis,#c71585,
b1113,ldtC,1169412,-0.018760628300000002,Cell wall/membrane/envelope biogenesis,#c71585,
b1114,mfd,1170518,0.0017099955000000001,"Replication, recombination and repair",#ff00ff,
b1115,ycfT,1174092,-0.0040100612,Function unknown,#708090,
b1116,lolC,1175427,0.0040014811,Cell wall/membrane/envelope biogenesis,#c71585,
b1117,lolD,1176619,0.0030455737,Defense mechanisms,#d3d3d3,
b1118,lolE,1177320,-0.0011734284000000002,Cell wall/membrane/envelope biogenesis,#c71585,
b1119,nagK,1178593,-0.0091306291,Nucleotide transport and metabolism,#00bfbf,
b1120,cobB,1179520,-0.006297188600000001,Transcription,#f4a460,
b1121,ycfZ,1180479,-0.009152020700000001,Function unknown,#708090,
b1122,ymfA,1181264,-0.0120738791,Function unknown,#708090,
b1123,potD,1181783,-0.0204880698,Inorganic ion transport and metabolism,#0000ff,
b1124,potC,1182826,-0.0134023606,Inorganic ion transport and metabolism,#0000ff,
b1125,potB,1183617,0.0037876885,Inorganic ion transport and metabolism,#0000ff,
b1126,potA,1184458,0.0017038665,Inorganic ion transport and metabolism,#0000ff,
b1127,pepT,1185844,0.012142442500000001,Amino acid transport and metabolism,#ff0000,
b1128,roxA,1187119,0.0019331431,Function unknown,#708090,
b1129,phoQ,1188316,0.0006876892000000001,Signal transduction mechanisms,#00ff00,
b1130,phoP,1189776,-0.00055421,Transcription,#f4a460,
b1131,purB,1190616,-0.0085035017,Nucleotide transport and metabolism,#00bfbf,
b1132,hflD,1191990,-0.0023832381000000002,Function unknown,#708090,
b1133,mnmA,1192667,0.0004382519,"Translation, ribosomal structure and biogenesis",#000000,
b1134,nudJ,1193827,0.0201151005,Nucleotide transport and metabolism,#00bfbf,
b1135,rluE,1194298,0.0125926254,"Translation, ribosomal structure and biogenesis",#000000,
b1136,icd,1195123,0.0119067022,Energy production and conversion,#90ee90,
b1137,ymfD,1196867,-0.0094638068,Coenzyme transport and metabolism,#008000,
b1138,ymfE,1197533,-0.0131515468,No COG annotation,#87cefa,
b1139,lit,1198695,0.0056697246,"Post-translational modification, protein turnover,and chaperones",#87ceeb,
b1140,intE,1199679,-0.0223049745,"Replication, recombination and repair",#ff00ff,
b1141,xisE,1200787,-0.0329113075,Function unknown,#708090,
b1142,ymfH,1201069,0.003785801,No COG annotation,#87cefa,
b1143,ymfI,1201497,0.0014052901,No COG annotation,#87cefa,
b1144,ymfJ,1201776,0.0020996527000000003,No COG annotation,#87cefa,
b1145,ymfK,1202259,0.0013472713,Transcription,#f4a460,
b1146,ymfT,1203024,0.0099245897,Transcription,#f4a460,
b1147,ymfL,1203268,0.0326246436,No COG annotation,#87cefa,
b1148,ymfM,1203822,-0.0116079485,No COG annotation,#87cefa,
b1149,ymfN,1204170,0.0028330513,Transcription,#f4a460,
b1151,beeE,1205731,-0.0194199836,Function unknown,#708090,
b1152,jayE,1206131,-0.0280627485,Function unknown,#708090,
b1153,ymfQ,1206913,0.0314031246,Function unknown,#708090,
b1154,ycfK,1207501,0.0044726385,No COG annotation,#87cefa,
b1155,tfaP,1208132,0.048360855,Function unknown,#708090,
b1156,tfaE,1208517,-0.0009670765,Function unknown,#708090,
b1157,stfE,1209119,0.021817857200000002,Function unknown,#708090,
b1159,mcrA,1210346,-0.0106702952,Defense mechanisms,#d3d3d3,
b4519,icdC,1211413,0.0008964996,Energy production and conversion,#90ee90,
b1160,iraM,1211680,-0.0027346521,Transcription,#f4a460,
b1161,ycgX,1212703,-0.0022522177,Function unknown,#708090,
b1162,bluR,1213328,-0.0122191124,Transcription,#f4a460,
b1163,bluF,1214264,-0.0425133247,Signal transduction mechanisms,#00ff00,
b1164,ycgZ,1215789,0.0280133409,Function unknown,#708090,
b1165,ymgA,1216068,-0.0020882251,Function unknown,#708090,
b1166,ariR,1216369,0.0054640754,Transcription,#f4a460,
b1167,ymgC,1216748,-0.0119252842,No COG annotation,#87cefa,
b1168,pdeG,1217328,-0.0022399674,Signal transduction mechanisms,#00ff00,
b4520,ymgF,1218983,-0.0052037161,No COG annotation,#87cefa,
b4491,ycgH,1219601,0.0197912467,Cell wall/membrane/envelope biogenesis,#c71585,
b1171,ymgD,1222305,0.010968093,Function unknown,#708090,
b1172,ymgG,1222644,-0.002637251,Function unknown,#708090,
b4593,ymgI,1222990,-0.0101420347,No COG annotation,#87cefa,
b4521,ycgI,1223564,-0.0069006353,Cell wall/membrane/envelope biogenesis,#c71585,
b1174,minE,1224279,-0.0079231652,"Cell cycle control, cell division, chromosome partitioning",#bfbf00,
b1175,minD,1224549,0.0058762494,"Cell cycle control, cell division, chromosome partitioning",#bfbf00,
b1176,minC,1225385,-0.007366634600000001,"Cell cycle control, cell division, chromosome partitioning",#bfbf00,
b1177,ycgJ,1226600,-0.010655844900000001,Function unknown,#708090,
b1178,pliG,1227071,0.0321069433,Function unknown,#708090,
b1179,ycgL,1227681,-0.0289519417,Function unknown,#708090,
b1180,ycgM,1228079,-0.0149859688,"Secondary metabolites biosynthesis, transport, and catabolism",#1e90ff,
b1181,ycgN,1228815,-0.0203759093,Function unknown,#708090,
b1182,hlyE,1229483,0.0095275082,"Post-translational modification, protein turnover,and chaperones",#87ceeb,
b1183,umuD,1230767,0.0649273184,Transcription,#f4a460,
b1184,umuC,1231186,-0.0038959632,"Replication, recombination and repair",#ff00ff,
b1185,dsbB,1232500,0.010527162500000001,"Post-translational modification, protein turnover,and chaperones",#87ceeb,
b1186,nhaB,1233176,-0.008763112,Inorganic ion transport and metabolism,#0000ff,
b1187,fadR,1234938,0.0083088215,Transcription,#f4a460,
b1188,ycgB,1235709,0.0192784889,Function unknown,#708090,
b1189,dadA,1237571,0.0054184112,Amino acid transport and metabolism,#ff0000,
b1190,dadX,1238879,0.0074313545,Amino acid transport and metabolism,#ff0000,
b4740,ymgM,1240260,-0.009352938600000001,No COG annotation,#87cefa,
b1191,cvrA,1240335,0.0093736744,Inorganic ion transport and metabolism,#0000ff,
b1192,ldcA,1242166,-0.0028594254,Defense mechanisms,#d3d3d3,
b1193,emtA,1243180,0.0058068643,Cell wall/membrane/envelope biogenesis,#c71585,
b1194,ycgR,1243793,-0.00035481280000000003,Cell wall/membrane/envelope biogenesis,#c71585,
b1195,ymgE,1244728,0.0108241167,Function unknown,#708090,
b1196,ycgY,1245160,0.0244835621,No COG annotation,#87cefa,
b1197,treA,1245679,0.0033306808,Carbohydrate transport and metabolism,#ffc0cb,
b1198,dhaM,1247696,-0.0110367356,Carbohydrate transport and metabolism,#ffc0cb,
b1199,dhaL,1249125,-0.0065092775000000005,Function unknown,#708090,
b1200,dhaK,1249768,0.005307641,Carbohydrate transport and metabolism,#ffc0cb,
b1201,dhaR,1251066,-0.0060633784000000005,Transcription,#f4a460,
b1202,ycgV,1253085,0.002323658,Cell wall/membrane/envelope biogenesis,#c71585,
b1203,ychF,1256721,-0.0003339541,"Translation, ribosomal structure and biogenesis",#000000,
b1204,pth,1257929,0.0091810134,"Translation, ribosomal structure and biogenesis",#000000,
b1205,ychH,1258791,0.009405542000000001,Function unknown,#708090,
b1206,dauA,1259124,0.0062542958,Inorganic ion transport and metabolism,#0000ff,
b1207,prs,1260928,0.0035255554000000002,Nucleotide transport and metabolism,#00bfbf,
b1208,ispE,1262026,-0.0004160255,Nucleotide transport and metabolism,#00bfbf,
b1209,lolB,1262877,0.0058813552000000005,Cell wall/membrane/envelope biogenesis,#c71585,
b1210,hemA,1263714,0.0001290959,Coenzyme transport and metabolism,#008000,
b1211,prfA,1265012,-0.0047251174,"Translation, ribosomal structure and biogenesis",#000000,
b1212,prmC,1266094,-0.008614601900000001,"Translation, ribosomal structure and biogenesis",#000000,
b1213,ychQ,1266924,-0.0080663919,Function unknown,#708090,
b1214,ychA,1267320,-0.0066887485,Function unknown,#708090,
b1215,kdsA,1268165,-0.012929958200000001,Cell wall/membrane/envelope biogenesis,#c71585,
b4419,ldrA,1269168,0.0073012227,Function unknown,#708090,
b4423,ldrC,1270238,-0.0034004042,Function unknown,#708090,
b1216,chaA,1270749,0.0067835658,Inorganic ion transport and metabolism,#0000ff,
b1217,chaB,1272119,0.0020069368000000002,Transcription,#f4a460,
b1218,chaC,1272507,0.0078108429,Inorganic ion transport and metabolism,#0000ff,
b1219,ychN,1273246,-0.0017274949,Inorganic ion transport and metabolism,#0000ff,
b1220,ychO,1273784,0.0082861379,Cell wall/membrane/envelope biogenesis,#c71585,
b1221,narL,1275179,0.0159441352,Transcription,#f4a460,
b1222,narX,1275822,-0.0051560040000000005,Signal transduction mechanisms,#00ff00,
b1223,narK,1277957,-0.013706686800000001,Inorganic ion transport and metabolism,#0000ff,
b1224,narG,1279864,-0.0036114126000000002,Energy production and conversion,#90ee90,
b1225,narH,1283604,-0.0028253613000000003,Energy production and conversion,#90ee90,
b1226,narJ,1285139,0.0027612612,Energy production and conversion,#90ee90,
b1227,narI,1285849,0.0030740578,Energy production and conversion,#90ee90,
b1228,ychS,1286709,0.0025685861,No COG annotation,#87cefa,
b1232,purU,1287782,0.0041016139,Nucleotide transport and metabolism,#00bfbf,
b1233,ychJ,1288674,0.0126417274,Function unknown,#708090,
b1234,rssA,1289245,0.0061439718,Cell wall/membrane/envelope biogenesis,#c71585,
b1235,rssB,1290242,-0.0088115,Transcription,#f4a460,
b1236,galU,1291457,-0.0044961484,Cell wall/membrane/envelope biogenesis,#c71585,
b1237,hns,1292509,0.0027636863,Transcription,#f4a460,
b1238,tdk,1293527,0.0009091314,Nucleotide transport and metabolism,#00bfbf,
b4573,insZ,1294426,-0.0169662722,"Replication, recombination and repair",#ff00ff,
b1241,adhE,1295446,0.028620302,Energy production and conversion,#90ee90,
b1242,ychE,1298598,0.0293886553,"Intracellular trafficking, secretion, and vesicular transport",#8b4513,
b4711,insH21,1299531,-0.009581025,"Replication, recombination and repair",#ff00ff,
b1243,oppA,1301182,0.0002355837,Amino acid transport and metabolism,#ff0000,
b1244,oppB,1302899,0.0028057206,Amino acid transport and metabolism,#ff0000,
b1245,oppC,1303834,-0.0016479245,Amino acid transport and metabolism,#ff0000,
b1246,oppD,1304754,-0.0073689523,Inorganic ion transport and metabolism,#0000ff,
b1247,oppF,1305764,-0.004538638,Inorganic ion transport and metabolism,#0000ff,
b1248,yciU,1306821,-0.0095006098,Function unknown,#708090,
b1249,clsA,1307185,-0.006999895900000001,Lipid transport and metabolism,#40e0d0,
b4595,yciY,1308788,-0.0036868462,No COG annotation,#87cefa,
b1250,kch,1309016,-0.011828457300000001,Inorganic ion transport and metabolism,#0000ff,
b1251,yciI,1310569,0.015344340500000001,Signal transduction mechanisms,#00ff00,
b1252,tonB,1311089,-0.0089295832,"Intracellular trafficking, secretion, and vesicular transport",#8b4513,
b1253,yciA,1311848,0.012316221700000001,Lipid transport and metabolism,#40e0d0,
b1254,yciB,1312351,-0.0088133786,"Cell cycle control, cell division, chromosome partitioning",#bfbf00,
b1255,yciC,1312920,-0.0168568877,Function unknown,#708090,
b1256,ompW,1314020,-0.019321527800000002,Cell wall/membrane/envelope biogenesis,#c71585,
b1257,yciE,1314718,-0.012008517600000001,Function unknown,#708090,
b1258,yciF,1315270,0.0324682574,Function unknown,#708090,
b1259,yciG,1315856,0.0510733484,No COG annotation,#87cefa,
b1260,trpA,1316416,0.0028327857000000002,Amino acid transport and metabolism,#ff0000,
b1261,trpB,1317222,-0.0087783438,Amino acid transport and metabolism,#ff0000,
b1262,trpC,1318427,-0.005690134800000001,Amino acid transport and metabolism,#ff0000,
b1263,trpD,1319789,0.0016213592,Nucleotide transport and metabolism,#00bfbf,
b1264,trpE,1321384,0.0033951249,Amino acid transport and metabolism,#ff0000,
b1266,yciV,1323220,-0.0081398547,Function unknown,#708090,
b1267,yciO,1324098,0.0015329155,"Translation, ribosomal structure and biogenesis",#000000,
b1268,yciQ,1324746,0.0016663347,Function unknown,#708090,
b1269,rluB,1326852,-0.0008098996,"Translation, ribosomal structure and biogenesis",#000000,
b1270,btuR,1327767,0.0028512901000000003,Coenzyme transport and metabolism,#008000,
b1271,yciK,1328354,0.0049833651000000005,Lipid transport and metabolism,#40e0d0,
b1272,sohB,1329332,0.008195873900000001,"Post-translational modification, protein turnover,and chaperones",#87ceeb,
b1273,yciN,1330417,0.0147704492,Function unknown,#708090,
b1274,topA,1331048,-0.0144631134,"Replication, recombination and repair",#ff00ff,
b1275,cysB,1333855,-0.0139252842,Transcription,#f4a460,
b4522,ymiA,1335124,-0.008160174400000001,No COG annotation,#87cefa,
b4523,yciX,1335291,0.0105893415,No COG annotation,#87cefa,
b1276,acnA,1335831,-0.0014996135,Energy production and conversion,#90ee90,
b1277,ribA,1338570,-0.0025844172,Nucleotide transport and metabolism,#00bfbf,
b1278,pgpB,1339330,0.007201884600000001,Lipid transport and metabolism,#40e0d0,
b1279,lapA,1340243,-0.0044730721,Function unknown,#708090,
b1280,lapB,1340558,-0.0081937691,Carbohydrate transport and metabolism,#ffc0cb,
b1281,pyrF,1341921,-0.0016972176,Nucleotide transport and metabolism,#00bfbf,
b1282,yciH,1342658,-0.0131358896,"Translation, ribosomal structure and biogenesis",#000000,
b1283,osmB,1343110,0.0099526982,Cell wall/membrane/envelope biogenesis,#c71585,
b1284,yciT,1343597,-0.0032468401,Transcription,#f4a460,
b4596,yciZ,1344436,-0.0029858731,Function unknown,#708090,
b1285,pdeR,1344757,-0.0202583798,Signal transduction mechanisms,#00ff00,
b1286,rnb,1346978,-0.0034100494,"Translation, ribosomal structure and biogenesis",#000000,
b1287,yciW,1348980,-0.0175033912,Function unknown,#708090,
b1288,fabI,1350251,0.0011695913,Lipid transport and metabolism,#40e0d0,
b1289,ycjD,1351407,-0.016121427,Function unknown,#708090,
b1290,sapF,1351828,-0.0005454317,Inorganic ion transport and metabolism,#0000ff,
b1291,sapD,1352636,0.0004929121,Inorganic ion transport and metabolism,#0000ff,
b1292,sapC,1353628,0.0105978055,Defense mechanisms,#d3d3d3,
b1293,sapB,1354505,0.0120068649,Defense mechanisms,#d3d3d3,
b1294,sapA,1355467,0.0064413103,Amino acid transport and metabolism,#ff0000,
b1295,ymjA,1357423,0.0068816683,Function unknown,#708090,
b1296,puuP,1357802,0.0064416476,Amino acid transport and metabolism,#ff0000,
b4742,ymjE,1359177,-0.0066119982,No COG annotation,#87cefa,
b1297,puuA,1359490,-0.0065161326,Amino acid transport and metabolism,#ff0000,
b1298,puuD,1361120,0.0100026614,Function unknown,#708090,
b1299,puuR,1361911,-0.0039243337,Transcription,#f4a460,
b1300,puuC,1362743,0.0103528597,Energy production and conversion,#90ee90,
b1301,puuB,1364232,-0.015154444500000001,Amino acid transport and metabolism,#ff0000,
b1302,puuE,1365550,0.0240611466,Amino acid transport and metabolism,#ff0000,
b1303,pspF,1366935,-0.015200053600000001,Transcription,#f4a460,
b1304,pspA,1368079,-0.013264925,Transcription,#f4a460,
b1305,pspB,1368801,-8.9148e-06,Function unknown,#708090,
b1306,pspC,1369025,0.007737538800000001,Transcription,#f4a460,
b1307,pspD,1369393,-0.014908079900000001,Function unknown,#708090,
b1308,pspE,1369689,-0.0012599264,Inorganic ion transport and metabolism,#0000ff,
b1309,ycjM,1370216,0.018909073000000002,Carbohydrate transport and metabolism,#ffc0cb,
b1310,ycjN,1371909,-0.004096196,Carbohydrate transport and metabolism,#ffc0cb,
b1311,ycjO,1373222,-0.0019674980000000003,Inorganic ion transport and metabolism,#0000ff,
b1312,ycjP,1374090,0.0100686876,Inorganic ion transport and metabolism,#0000ff,
b1313,ycjQ,1374963,-0.015853131200000002,Amino acid transport and metabolism,#ff0000,
b1314,ycjR,1376034,-0.0085764788,Carbohydrate transport and metabolism,#ffc0cb,
b1315,ycjS,1376832,0.020060832100000002,Function unknown,#708090,
b1316,ycjT,1377884,0.0063214015000000005,Carbohydrate transport and metabolism,#ffc0cb,
b1317,ycjU,1380148,0.008043451600000001,Function unknown,#708090,
b1318,ycjV,1380821,0.0016348344,Inorganic ion transport and metabolism,#0000ff,
b1319,ompG,1381947,-0.0142582955,Cell wall/membrane/envelope biogenesis,#c71585,
b1320,ycjW,1382963,-0.0080489076,Transcription,#f4a460,
b1321,ycjX,1384117,0.0101707931,Function unknown,#708090,
b1322,ycjF,1385511,0.0037448756,Function unknown,#708090,
b1323,tyrR,1386720,0.0009599314,Transcription,#f4a460,
b1324,tpx,1388305,-0.0008055203,"Post-translational modification, protein turnover,and chaperones",#87ceeb,
b1325,ycjG,1388930,-0.000329671,Cell wall/membrane/envelope biogenesis,#c71585,
b1326,mpaA,1389870,-0.0069070215,Amino acid transport and metabolism,#ff0000,
b4525,ymjC,1390680,-0.0049877125,Carbohydrate transport and metabolism,#ffc0cb,
b1327,ycjY,1390933,-0.0005001546,Function unknown,#708090,
b1328,pgrR,1391991,-0.018702383200000002,Transcription,#f4a460,
b1329,mppA,1393227,0.0097551036,Amino acid transport and metabolism,#ff0000,
b1330,ynaI,1394891,-0.0101283958,Cell wall/membrane/envelope biogenesis,#c71585,
b1331,insH-4,1396076,-0.0091592197,"Replication, recombination and repair",#ff00ff,
b1332,ynaJ,1397365,-0.0073952293,Function unknown,#708090,
b1333,uspE,1397672,0.0016685601,Signal transduction mechanisms,#00ff00,
b1334,fnr,1398774,0.0090641417,Transcription,#f4a460,
b1335,ogt,1399721,-0.0145798125,"Replication, recombination and repair",#ff00ff,
b1336,abgT,1400247,0.0191032005,Coenzyme transport and metabolism,#008000,
b1337,abgB,1401810,-0.011722910100000001,Function unknown,#708090,
b1338,abgA,1403255,0.0243494468,Amino acid transport and metabolism,#ff0000,
b1339,abgR,1404741,0.0043602391,Transcription,#f4a460,
b1340,smrA,1405979,-0.0111604553,"Replication, recombination and repair",#ff00ff,
b1341,dgcM,1406563,-0.0056867959000000004,Signal transduction mechanisms,#00ff00,
b1342,zntB,1408050,-0.0142340535,Inorganic ion transport and metabolism,#0000ff,
b4743,ynaL,1409308,-0.0123181227,No COG annotation,#87cefa,
b1343,dbpA,1409511,0.0008723032,Nucleotide transport and metabolism,#00bfbf,
b1344,ttcA,1411013,-0.0124250056,"Translation, ribosomal structure and biogenesis",#000000,
b1345,intR,1412000,3.64456e-05,"Replication, recombination and repair",#ff00ff,
b1346,xisR,1413237,-0.0051912866,Function unknown,#708090,
b1347,rcbA,1413531,0.0136867727,"Translation, ribosomal structure and biogenesis",#000000,
b1349,recT,1413984,0.0024971794,"Replication, recombination and repair",#ff00ff,
b1350,recE,1414786,0.014838672,"Replication, recombination and repair",#ff00ff,
b1352,kilR,1418008,0.0032756311000000002,Function unknown,#708090,
b1353,sieB,1418671,0.0369703911,No COG annotation,#87cefa,
b4527,ydaF,1419156,0.0128539289,Function unknown,#708090,
b1355,ydaG,1419322,0.0001010299,Function unknown,#708090,
b1356,racR,1419765,0.0134726128,Transcription,#f4a460,
b1357,ydaS,1420365,-0.048942757600000004,Function unknown,#708090,
b1358,ydaT,1420684,0.0082190591,Function unknown,#708090,
b1359,ydaU,1421119,0.002720145,Function unknown,#708090,
b1360,ydaV,1421983,0.0197492877,RNA processing and modification,#add8e6,
b1361,ydaW,1422752,0.0102757953,Transcription,#f4a460,
b1362,rzpR,1423345,0.013811085800000001,Function unknown,#708090,
b1363,trkG,1423782,0.0001284032,Inorganic ion transport and metabolism,#0000ff,
b1366,ydaY,1425621,-0.0201391426,No COG annotation,#87cefa,
b1368,ynaA,1426454,0.0113774297,"Cell cycle control, cell division, chromosome partitioning",#bfbf00,
b4570,lomR,1427389,-0.0079468549,Cell wall/membrane/envelope biogenesis,#c71585,
b1370,insH-5,1427746,0.007907255,"Replication, recombination and repair",#ff00ff,
b1372,stfR,1429049,0.008503708300000001,Cell wall/membrane/envelope biogenesis,#c71585,
b1373,tfaR,1432411,0.0022448183,Function unknown,#708090,
b1374,pinR,1433084,-0.0009085491000000001,"Replication, recombination and repair",#ff00ff,
b1375,ynaE,1433991,-0.011299638800000001,Transcription,#f4a460,
b4744,ynaM,1434293,0.0083094973,No COG annotation,#87cefa,
b1376,uspF,1435185,-0.0067827830000000006,Signal transduction mechanisms,#00ff00,
b1377,ompN,1435760,-0.0215933352,Cell wall/membrane/envelope biogenesis,#c71585,
b1378,ydbK,1437260,0.0030429341,Energy production and conversion,#90ee90,
b4529,ydbJ,1441058,-0.0046964831,Function unknown,#708090,
b1379,hslJ,1441321,0.0065232601,"Post-translational modification, protein turnover,and chaperones",#87ceeb,
b1380,ldhA,1441854,-0.0102836057,Energy production and conversion,#90ee90,
b1381,ydbH,1443051,0.0079507945,Function unknown,#708090,
b1382,ynbE,1445687,0.0049073531,Function unknown,#708090,
b1383,ydbL,1445880,0.0062772518000000005,Function unknown,#708090,
b1384,feaR,1446378,0.0111167542,Transcription,#f4a460,
b1385,feaB,1447519,-0.0011103194,Energy production and conversion,#90ee90,
b1386,tynA,1449076,0.019146019400000002,"Secondary metabolites biosynthesis, transport, and catabolism",#1e90ff,
b1387,paaZ,1451597,0.0098320235,Energy production and conversion,#90ee90,
b1388,paaA,1453927,-0.011245297100000001,Function unknown,#708090,
b1389,paaB,1454868,-0.0203429421,"Secondary metabolites biosynthesis, transport, and catabolism",#1e90ff,
b1390,paaC,1455164,0.0059306152,Function unknown,#708090,
b1391,paaD,1455925,0.0563859236,"Replication, recombination and repair",#ff00ff,
b1392,paaE,1456430,0.0186829245,Energy production and conversion,#90ee90,
b1393,paaF,1457497,-0.015613061400000001,Lipid transport and metabolism,#40e0d0,
b1394,paaG,1458264,-0.0015438041,Lipid transport and metabolism,#40e0d0,
b1395,paaH,1459054,0.0034340565,Lipid transport and metabolism,#40e0d0,
b1396,paaI,1460471,-0.0570409574,"Secondary metabolites biosynthesis, transport, and catabolism",#1e90ff,
b1397,paaJ,1460893,0.0043829455,Lipid transport and metabolism,#40e0d0,
b1398,paaK,1462125,-0.0075865692000000005,Coenzyme transport and metabolism,#008000,
b1399,paaX,1463539,0.0059216657,Transcription,#f4a460,
b1400,paaY,1464471,-0.0008340777,Function unknown,#708090,
b4492,ydbA,1465392,0.0015757204,"Intracellular trafficking, secretion, and vesicular transport",#8b4513,
b1402,insD-2,1467921,0.0031082959,"Replication, recombination and repair",#ff00ff,
b1403,insC-2,1468784,0.0043700573,"Replication, recombination and repair",#ff00ff,
b1404,insI-2,1469358,0.0042391353,"Replication, recombination and repair",#ff00ff,
b1406,pdxI,1474221,-0.0020468604,Energy production and conversion,#90ee90,
b1407,ydbD,1475144,0.005529266200000001,Function unknown,#708090,
b1408,ynbA,1477621,-0.019233442700000002,Lipid transport and metabolism,#40e0d0,
b1409,ynbB,1478226,0.0027301246,Function unknown,#708090,
b1410,ynbC,1479138,-0.0012522511,Lipid transport and metabolism,#40e0d0,
b1411,ynbD,1480909,0.0086926234,Lipid transport and metabolism,#40e0d0,
b1412,azoR,1482255,-0.007700843200000001,Lipid transport and metabolism,#40e0d0,
b1413,hrpA,1483061,-0.0063488967,"Replication, recombination and repair",#ff00ff,
b1414,ydcF,1487235,-0.012411595400000001,Function unknown,#708090,
b1415,aldA,1488232,-0.0015815536,Energy production and conversion,#90ee90,
b4493,gapC,1489713,0.0038160866,Carbohydrate transport and metabolism,#ffc0cb,
b1418,cybB,1490902,0.0050021978,Energy production and conversion,#90ee90,
b1419,ydcA,1491677,0.0009573722,No COG annotation,#87cefa,
b4428,hokB,1491922,-0.0023815821,Function unknown,#708090,
b1420,mokB,1491962,1.43345e-05,No COG annotation,#87cefa,
b1421,trg,1492470,-0.0018802128,Cell motility,#da70d6,
b1422,ydcI,1494148,-0.0076200391,Transcription,#f4a460,
b1423,ydcJ,1495288,-0.0034212343,Function unknown,#708090,
b1424,opgD,1496856,-0.0086658527,Inorganic ion transport and metabolism,#0000ff,
b1426,ydcH,1498651,-0.0085045782,Function unknown,#708090,
b1427,rimL,1498938,0.004897781,"Translation, ribosomal structure and biogenesis",#000000,
b1428,ydcK,1499469,-0.0022788783,Function unknown,#708090,
b1429,tehA,1500573,-0.006034425800000001,Inorganic ion transport and metabolism,#0000ff,
b1430,tehB,1501562,0.0121257182,"Secondary metabolites biosynthesis, transport, and catabolism",#1e90ff,
b1431,ydcL,1502457,0.0076342935,Cell wall/membrane/envelope biogenesis,#c71585,
b1432,insQ,1503717,-0.0008643615000000001,"Replication, recombination and repair",#ff00ff,
b1433,ydcO,1504905,0.0153361538,"Secondary metabolites biosynthesis, transport, and catabolism",#1e90ff,
b1434,sutR,1506172,-0.0070588647000000004,Transcription,#f4a460,
b1435,rlhA,1506781,-0.0144685404,"Post-translational modification, protein turnover,and chaperones",#87ceeb,
b1436,yncJ,1508834,-0.0032165874,Function unknown,#708090,
b4532,hicA,1509286,-0.0077623987,"Translation, ribosomal structure and biogenesis",#000000,
b1438,hicB,1509508,-0.0039143817000000004,Transcription,#f4a460,
b1439,ydcR,1510003,-0.0097903175,Transcription,#f4a460,
b1440,ydcS,1511654,-0.0049391748000000004,Inorganic ion transport and metabolism,#0000ff,
b1441,ydcT,1512817,0.016133716200000002,Inorganic ion transport and metabolism,#0000ff,
b1442,ydcU,1513831,-0.0053218022000000005,Inorganic ion transport and metabolism,#0000ff,
b1443,ydcV,1514762,0.011914925600000001,Inorganic ion transport and metabolism,#0000ff,
b1444,patD,1515578,-0.0042181115,Energy production and conversion,#90ee90,
b1445,ortT,1517389,-0.0218692141,Function unknown,#708090,
b1446,ydcY,1517648,-0.0104396309,Function unknown,#708090,
b1447,ydcZ,1517882,-0.0022249998,Function unknown,#708090,
b1448,mnaT,1518328,0.0112524702,Cell wall/membrane/envelope biogenesis,#c71585,
b1449,curA,1519027,0.0046649432000000005,Function unknown,#708090,
b1450,mcbR,1520262,0.0117290016,Transcription,#f4a460,
b1451,yncD,1520963,0.0007920274000000001,Inorganic ion transport and metabolism,#0000ff,
b1452,yncE,1523307,-0.019078692,Function unknown,#708090,
b1453,ansP,1524481,-0.0049182862,Amino acid transport and metabolism,#ff0000,
b1454,yncG,1526247,-0.0043845944000000005,"Post-translational modification, protein turnover,and chaperones",#87ceeb,
b1456,rhsE,1527890,-0.009780304,Cell wall/membrane/envelope biogenesis,#c71585,
b1457,ydcD,1529922,-0.0134304518,No COG annotation,#87cefa,
b4745,yncO,1530319,0.015913839200000002,No COG annotation,#87cefa,
b1459,yncI,1530586,-0.008886543700000001,"Replication, recombination and repair",#ff00ff,
b1460,ydcC,1531816,0.0238727824,"Replication, recombination and repair",#ff00ff,
b1461,pptA,1533052,0.0006887795,Function unknown,#708090,
b1462,yddH,1533282,0.0179057693,Function unknown,#708090,
b1463,nhoA,1534024,-0.0185607842,"Secondary metabolites biosynthesis, transport, and catabolism",#1e90ff,
b1464,yddE,1534965,-0.0072339487,Function unknown,#708090,
b1465,narV,1535937,0.022696672,Energy production and conversion,#90ee90,
b1466,narW,1536614,-0.0102103383,Energy production and conversion,#90ee90,
b1467,narY,1537309,-0.011106764600000001,Energy production and conversion,#90ee90,
b1468,narZ,1538850,-0.0130339024,Energy production and conversion,#90ee90,
b1469,narU,1542672,-0.0102652746,Inorganic ion transport and metabolism,#0000ff,
b1473,yddG,1546288,0.0093287777,Amino acid transport and metabolism,#ff0000,
b1474,fdnG,1547401,-0.0059693081,Energy production and conversion,#90ee90,
b1475,fdnH,1550461,0.0003384222,Energy production and conversion,#90ee90,
b1476,fdnI,1551338,-0.0066293272,Energy production and conversion,#90ee90,
b1477,yddM,1552398,0.0023403868,Transcription,#f4a460,
b1478,adhP,1552828,-0.0050105907,Energy production and conversion,#90ee90,
b1479,maeA,1553972,0.0093077377,Energy production and conversion,#90ee90,
b1480,sra,1555826,0.0055590829,"Translation, ribosomal structure and biogenesis",#000000,
b1481,bdm,1556065,-0.0042276344,Function unknown,#708090,
b1482,osmC,1556625,-7.792340000000001e-05,"Post-translational modification, protein turnover,and chaperones",#87ceeb,
b1483,ddpF,1557112,0.0064173967,Inorganic ion transport and metabolism,#0000ff,
b1484,ddpD,1558031,-0.0181399213,Inorganic ion transport and metabolism,#0000ff,
b1485,ddpC,1559014,0.0027823947,Amino acid transport and metabolism,#ff0000,
b1486,ddpB,1559907,0.0110462557,Amino acid transport and metabolism,#ff0000,
b1487,ddpA,1560931,-0.0023259867,Amino acid transport and metabolism,#ff0000,
b1488,ddpX,1562495,-0.0051746368,Cell wall/membrane/envelope biogenesis,#c71585,
b1489,dosP,1563334,0.0010675018,Signal transduction mechanisms,#00ff00,
b1490,dosC,1565758,-0.0078269482,Signal transduction mechanisms,#00ff00,
b1491,yddW,1567504,-0.006609412,Function unknown,#708090,
b1492,gadC,1568954,0.0046831753,Amino acid transport and metabolism,#ff0000,
b1493,gadB,1570645,-0.0048259122,Amino acid transport and metabolism,#ff0000,
b1494,pqqL,1572407,-0.0042597696,Function unknown,#708090,
b1495,yddB,1575247,0.0060822244,Inorganic ion transport and metabolism,#0000ff,
b1496,yddA,1577657,-0.0016065198,Inorganic ion transport and metabolism,#0000ff,
b1497,ydeM,1579633,0.0031856103000000003,Energy production and conversion,#90ee90,
b1498,ydeN,1580842,0.0057807522,Inorganic ion transport and metabolism,#0000ff,
b1499,ydeO,1582926,0.0196402223,Transcription,#f4a460,
b1500,safA,1583762,0.0124514988,No COG annotation,#87cefa,
b1501,ydeP,1584207,-0.0039390642,Energy production and conversion,#90ee90,
b1502,ydeQ,1586820,0.0067601038,Cell motility,#da70d6,
b1504,ydeS,1588309,0.0105754474,Cell motility,#da70d6,
b1505,ydeT,1588853,0.0070744492,Cell motility,#da70d6,
b1507,hipA,1590854,-0.0040196245,Function unknown,#708090,
b1508,hipB,1592176,-0.0047407022,Transcription,#f4a460,
b4696,yneO,1592665,-0.0068744888,"Intracellular trafficking, secretion, and vesicular transport",#8b4513,
b1511,lsrK,1598617,-0.007134167,Carbohydrate transport and metabolism,#ffc0cb,
b1512,lsrR,1600288,0.0046153942,Transcription,#f4a460,
b1513,lsrA,1601490,0.0067134021,Carbohydrate transport and metabolism,#ffc0cb,
b1514,lsrC,1603019,0.0350361971,"Intracellular trafficking, secretion, and vesicular transport",#8b4513,
b1515,lsrD,1604047,-0.0281970793,"Intracellular trafficking, secretion, and vesicular transport",#8b4513,
b1516,lsrB,1605051,-0.0101116756,Carbohydrate transport and metabolism,#ffc0cb,
b1517,lsrF,1606100,-0.010474753600000001,Coenzyme transport and metabolism,#008000,
b1518,lsrG,1606999,0.0082904786,Function unknown,#708090,
b1519,tam,1607346,0.0034513852,"Translation, ribosomal structure and biogenesis",#000000,
b1520,yneE,1608108,-0.015075063900000001,Function unknown,#708090,
b1521,uxaB,1609229,-0.008983065200000001,Carbohydrate transport and metabolism,#ffc0cb,
b1522,dgcF,1610907,-0.0095165365,Signal transduction mechanisms,#00ff00,
b1523,yneG,1611966,-0.0148302801,Function unknown,#708090,
b1524,glsB,1612325,-0.0189709885,Amino acid transport and metabolism,#ff0000,
b1525,sad,1613315,-0.0174343017,Energy production and conversion,#90ee90,
b1526,yneJ,1614804,-0.0108676801,Transcription,#f4a460,
b1527,yneK,1615763,-0.0268081403,No COG annotation,#87cefa,
b1528,ydeA,1617028,0.0062484873,Amino acid transport and metabolism,#ff0000,
b1529,marC,1618243,-0.0048237374,"Intracellular trafficking, secretion, and vesicular transport",#8b4513,
b1530,marR,1619120,-0.0154685321,Transcription,#f4a460,
b1531,marA,1619574,-0.0031975096,Transcription,#f4a460,
b1532,marB,1619989,0.010705959000000001,Function unknown,#708090,
b1533,eamA,1620238,0.0097394534,Amino acid transport and metabolism,#ff0000,
b1534,ydeE,1621332,0.0142183045,Amino acid transport and metabolism,#ff0000,
b1535,dgcZ,1622960,-0.012307601100000001,Signal transduction mechanisms,#00ff00,
b1536,ydeI,1624105,-0.0010164651,Function unknown,#708090,
b1537,ydeJ,1624773,-0.0177168805,Function unknown,#708090,
b1538,dcp,1625335,0.0002183211,Amino acid transport and metabolism,#ff0000,
b1539,ydfG,1627517,-0.0021927891,Function unknown,#708090,
b1540,ydfH,1628352,0.0051701460000000005,Transcription,#f4a460,
b1541,ydfZ,1629215,0.0456626588,Function unknown,#708090,
b1542,ydfI,1629453,-0.003689636,Carbohydrate transport and metabolism,#ffc0cb,
b1543,ydfJ,1631002,-0.0138312784,Inorganic ion transport and metabolism,#0000ff,
b4748,ynfT,1632890,0.0008518656,No COG annotation,#87cefa,
b1544,ydfK,1633072,-0.0052631852,Transcription,#f4a460,
b1545,pinQ,1633622,-0.0033565691000000003,"Replication, recombination and repair",#ff00ff,
b1546,tfaQ,1634310,0.0156942074,Function unknown,#708090,
b1547,ydfN,1634885,0.020708292700000002,Cell wall/membrane/envelope biogenesis,#c71585,
b1548,nohA,1635798,0.0005120899000000001,"Replication, recombination and repair",#ff00ff,
b4533,ynfO,1636756,-0.0180368541,Function unknown,#708090,
b1549,ydfO,1637047,0.0109869614,Amino acid transport and metabolism,#ff0000,
b1550,gnsB,1637609,-0.0065279761,Function unknown,#708090,
b1551,ynfN,1637954,0.0192991686,No COG annotation,#87cefa,
b4724,ynfQ,1638256,0.0013724448,No COG annotation,#87cefa,
b1552,cspI,1638455,-0.0080723823,Transcription,#f4a460,
b1553,rzpQ,1639030,0.0187300661,Function unknown,#708090,
b1554,rrrQ,1639524,0.045691734000000005,Carbohydrate transport and metabolism,#ffc0cb,
b1555,ydfR,1640054,-0.0022177708000000003,Function unknown,#708090,
b1556,essQ,1640370,-0.0018692857,Function unknown,#708090,
b1557,cspB,1641339,-0.0093139153,Transcription,#f4a460,
b1558,cspF,1641855,-0.0039858686,Transcription,#f4a460,
b1559,ydfT,1642489,-0.0057165399,Transcription,#f4a460,
b1560,ydfU,1643255,0.0193958893,Defense mechanisms,#d3d3d3,
b1561,rem,1644651,-0.0417175372,No COG annotation,#87cefa,
b1562,hokD,1645119,-0.006104875300000001,Function unknown,#708090,
b1563,relE,1645346,-0.010311991500000001,"Cell cycle control, cell division, chromosome partitioning",#bfbf00,
b1564,relB,1645633,-0.0132817881,"Replication, recombination and repair",#ff00ff,
b1565,ydfV,1645897,0.0067020124,No COG annotation,#87cefa,
b1566,flxA,1646405,0.0061672618000000005,No COG annotation,#87cefa,
b1567,ydfW,1647174,0.0062370705000000005,"Replication, recombination and repair",#ff00ff,
b1568,ydfX,1647346,0.0451495582,Function unknown,#708090,
b1570,dicA,1647934,0.021857658500000002,Transcription,#f4a460,
b1571,ydfA,1648508,0.0076311041,Function unknown,#708090,
b1573,ydfC,1648823,0.5855235029,No COG annotation,#87cefa,https://ecocyc.org/gene?orgid=ECOLI&id=EG11302
b1577,ydfE,1650078,0.0769110897,"Replication, recombination and repair",#ff00ff,
b1578,insD-7,1650881,0.0269808281,"Replication, recombination and repair",#ff00ff,
b1579,intQ,1651512,0.027986921300000002,"Replication, recombination and repair",#ff00ff,
b1580,rspB,1652896,-0.003046463,Energy production and conversion,#90ee90,
b1581,rspA,1653927,0.0075849471,Cell wall/membrane/envelope biogenesis,#c71585,
b1582,ynfA,1655347,-0.0116130942,Function unknown,#708090,
b1583,ynfB,1655808,-0.0058755445000000005,Function unknown,#708090,
b1584,speG,1656184,0.0094445007,"Translation, ribosomal structure and biogenesis",#000000,
b1585,ynfC,1656747,-0.0139959659,Cell wall/membrane/envelope biogenesis,#c71585,
b1586,ynfD,1657565,-0.0171571292,Function unknown,#708090,
b1587,ynfE,1658069,-0.0093092934,Energy production and conversion,#90ee90,
b1588,ynfF,1660556,0.0010327306000000001,Energy production and conversion,#90ee90,
b1589,ynfG,1662990,-0.0214588195,Energy production and conversion,#90ee90,
b1590,ynfH,1663609,-0.0040711669,Function unknown,#708090,
b1591,dmsD,1664506,0.0029534333,Function unknown,#708090,
b1592,clcB,1665315,0.0026420096,Inorganic ion transport and metabolism,#0000ff,
b1593,ynfK,1666524,-0.0009390509000000001,Coenzyme transport and metabolism,#008000,
b1594,mlc,1667344,0.0168591201,Transcription,#f4a460,
b1595,ynfL,1668699,0.0124990078,Transcription,#f4a460,
b1596,ynfM,1669699,0.0015865869000000002,Amino acid transport and metabolism,#ff0000,
b1597,asr,1671376,-0.0005010767000000001,No COG annotation,#87cefa,
b1598,ydgD,1671960,0.0048615255,Amino acid transport and metabolism,#ff0000,
b1599,mdtI,1672820,-0.0053943867,Inorganic ion transport and metabolism,#0000ff,
b1600,mdtJ,1673136,0.0040283532,Inorganic ion transport and metabolism,#0000ff,
b1601,tqsA,1673913,0.0085735473,Signal transduction mechanisms,#00ff00,
b1602,pntB,1674972,-0.0036800657,Energy production and conversion,#90ee90,
b1603,pntA,1676371,-0.0017825325,Energy production and conversion,#90ee90,
b1604,ydgH,1678427,-0.00043982390000000003,Function unknown,#708090,
b1605,ydgI,1679557,-0.0050649356,Amino acid transport and metabolism,#ff0000,
b1606,folM,1680976,-0.0007763033,Lipid transport and metabolism,#40e0d0,
b1607,ydgC,1681695,-0.0067623255,Function unknown,#708090,
b1608,rstA,1682159,0.0034324836000000003,Transcription,#f4a460,
b1609,rstB,1682882,0.0090658653,Signal transduction mechanisms,#00ff00,
b1610,tus,1684259,-0.0250865488,"Translation, ribosomal structure and biogenesis",#000000,
b1611,fumC,1685185,0.0050848176,Energy production and conversion,#90ee90,
b1612,fumA,1686731,0.005053527600000001,Energy production and conversion,#90ee90,
b1613,manA,1688576,0.0055834568,Carbohydrate transport and metabolism,#ffc0cb,
b1614,ydgA,1689852,0.0017495202000000001,Function unknown,#708090,
b1615,uidC,1691586,-0.006873963,Cell wall/membrane/envelope biogenesis,#c71585,
b1616,uidB,1692890,0.0014177377,Carbohydrate transport and metabolism,#ffc0cb,
b1617,uidA,1694260,0.0064097842,Carbohydrate transport and metabolism,#ffc0cb,
b1618,uidR,1696462,-0.00306412,Transcription,#f4a460,
b1619,hdhA,1697273,4.22795e-05,Lipid transport and metabolism,#40e0d0,
b1620,malI,1698152,0.0040517783,Transcription,#f4a460,
b1621,malX,1699355,-0.0204651964,Carbohydrate transport and metabolism,#ffc0cb,
b1622,malY,1700957,-0.0062538243,Amino acid transport and metabolism,#ff0000,
b1623,add,1702233,0.0163892066,Nucleotide transport and metabolism,#00bfbf,
b1624,ydgJ,1703268,-0.0099911124,Function unknown,#708090,
b4409,blr,1704551,0.0069940144,No COG annotation,#87cefa,
b1625,cnu,1704949,0.0173786352,Transcription,#f4a460,
b1626,ydgK,1705250,-0.017191678000000002,Function unknown,#708090,
b1627,rsxA,1705767,-0.0142842921,Energy production and conversion,#90ee90,
b1628,rsxB,1706348,-0.0042515024,Energy production and conversion,#90ee90,
b1629,rsxC,1706919,0.0069529304000000005,Energy production and conversion,#90ee90,
b1630,rsxD,1709142,0.0078186487,Energy production and conversion,#90ee90,
b1631,rsxG,1710204,0.0021391768000000003,Energy production and conversion,#90ee90,
b1632,rsxE,1710828,0.0024329327000000003,Energy production and conversion,#90ee90,
b1633,nth,1711523,0.0061186668,"Replication, recombination and repair",#ff00ff,
b1634,dtpA,1712769,-0.0265264496,"Intracellular trafficking, secretion, and vesicular transport",#8b4513,
b1635,gstA,1714377,-0.0046954262,"Post-translational modification, protein turnover,and chaperones",#87ceeb,
b1636,pdxY,1715026,0.0001743049,Coenzyme transport and metabolism,#008000,
b1637,tyrS,1715948,-0.0109374186,"Translation, ribosomal structure and biogenesis",#000000,
b1638,pdxH,1717351,0.009051296700000001,Coenzyme transport and metabolism,#008000,
b1639,mliC,1718066,-0.0097138701,Function unknown,#708090,
b1640,anmK,1718493,-0.005152164000000001,Nucleotide transport and metabolism,#00bfbf,
b1641,slyB,1719876,0.0062071662,Cell wall/membrane/envelope biogenesis,#c71585,
b1642,slyA,1720390,0.0013384916,Transcription,#f4a460,
b1643,ydhI,1721025,-0.0324921387,Function unknown,#708090,
b1644,ydhJ,1721264,0.0063585235,Defense mechanisms,#d3d3d3,
b1645,ydhK,1722121,-0.0027161187000000002,Function unknown,#708090,
b1646,sodC,1724134,-0.0064350336,Inorganic ion transport and metabolism,#0000ff,
b1647,ydhF,1724736,-0.0008052404000000001,Function unknown,#708090,
b1648,ydhL,1725681,-0.0169041336,Function unknown,#708090,
b1649,nemR,1726023,0.0052750097000000004,Transcription,#f4a460,
b1650,nemA,1726659,-0.0001248492,Energy production and conversion,#90ee90,
b1651,gloA,1727837,0.0098741175,Amino acid transport and metabolism,#ff0000,
b1652,rnt,1728347,-0.010773905,"Translation, ribosomal structure and biogenesis",#000000,
b1653,lhr,1729087,-0.0045983079,"Replication, recombination and repair",#ff00ff,
b1654,grxD,1733754,0.0055329619,"Post-translational modification, protein turnover,and chaperones",#87ceeb,
b1655,mepH,1734435,0.013277092,Cell wall/membrane/envelope biogenesis,#c71585,
b1656,sodB,1735378,0.009118962000000001,Energy production and conversion,#90ee90,
b1657,ydhP,1736121,-0.0010129689,Amino acid transport and metabolism,#ff0000,
b1658,purR,1737844,-0.015066274400000001,Transcription,#f4a460,
b1659,ydhB,1738866,0.011746804900000001,Transcription,#f4a460,
b1660,ydhC,1739911,-9.673470000000001e-05,Amino acid transport and metabolism,#ff0000,
b1661,cfa,1741413,-0.0009231379000000001,Cell wall/membrane/envelope biogenesis,#c71585,
b1662,ribC,1742601,-0.0074862240000000005,Coenzyme transport and metabolism,#008000,
b1663,mdtK,1743457,-0.0044774666000000005,Inorganic ion transport and metabolism,#0000ff,
b1664,ydhQ,1744871,-0.0046368889,Cell wall/membrane/envelope biogenesis,#c71585,
b1667,ydhR,1746700,-0.0160250884,Function unknown,#708090,
b1668,ydhS,1747131,-0.0124741578,Function unknown,#708090,
b1669,ydhT,1748747,0.0055142967,No COG annotation,#87cefa,
b1670,ydhU,1749563,0.024991014800000003,Energy production and conversion,#90ee90,
b1671,ydhX,1750345,-0.0163746577,Energy production and conversion,#90ee90,
b1672,ydhW,1751077,-0.0010051864,No COG annotation,#87cefa,
b1673,ydhV,1751728,-0.0123578308,Energy production and conversion,#90ee90,
b1674,ydhY,1753851,-0.0018276288,Energy production and conversion,#90ee90,
b1675,fumD,1754932,-0.015240667000000001,Function unknown,#708090,
b1676,pykF,1755698,-0.0070373627,Nucleotide transport and metabolism,#00bfbf,
b1677,lpp,1757421,0.0023639656,Cell wall/membrane/envelope biogenesis,#c71585,
b1678,ldtE,1757721,0.0054116008,Cell wall/membrane/envelope biogenesis,#c71585,
b1679,sufE,1758874,0.0080542931,Function unknown,#708090,
b1680,sufS,1759303,0.0034498894,Coenzyme transport and metabolism,#008000,
b1681,sufD,1760520,-0.0004363079,"Post-translational modification, protein turnover,and chaperones",#87ceeb,
b1682,sufC,1761766,0.007399728800000001,Inorganic ion transport and metabolism,#0000ff,
b1683,sufB,1762522,0.0023557511,"Post-translational modification, protein turnover,and chaperones",#87ceeb,
b1684,sufA,1764018,0.0136029646,Function unknown,#708090,
b1685,ydiH,1764934,0.011489086400000001,Function unknown,#708090,
b1686,menI,1765222,-0.0039635852000000004,"Secondary metabolites biosynthesis, transport, and catabolism",#1e90ff,
b1687,ydiJ,1765629,-0.0091103512,Energy production and conversion,#90ee90,
b1688,ydiK,1769074,-0.0018213589,Function unknown,#708090,
b1689,ydiL,1770615,-0.00249799,Function unknown,#708090,
b1690,ydiM,1771071,0.0096588116,Inorganic ion transport and metabolism,#0000ff,
b1691,ydiN,1772512,0.0080384552,Carbohydrate transport and metabolism,#ffc0cb,
b1692,ydiB,1773789,-0.00619254,Amino acid transport and metabolism,#ff0000,
b1693,aroD,1774686,0.0069764119,Amino acid transport and metabolism,#ff0000,
b1694,ydiF,1775587,-0.0006388941,Lipid transport and metabolism,#40e0d0,
b1695,ydiO,1777196,-0.0311092691,Lipid transport and metabolism,#40e0d0,
b1696,ydiP,1778390,0.0048953718,Transcription,#f4a460,
b1697,ydiQ,1779617,0.019400825,Energy production and conversion,#90ee90,
b1698,ydiR,1780401,0.0027109409,Energy production and conversion,#90ee90,
b1699,ydiS,1781395,-0.0033029159000000003,Energy production and conversion,#90ee90,
b1701,fadK,1782977,0.0103128698,Lipid transport and metabolism,#40e0d0,
b1702,ppsA,1784734,-0.0013505044000000001,Carbohydrate transport and metabolism,#ffc0cb,
b1703,ppsR,1787445,-0.011713643400000001,Nucleotide transport and metabolism,#00bfbf,
b1704,aroH,1788435,0.0039724117,Amino acid transport and metabolism,#ff0000,
b1705,ydiE,1789613,-0.0078147862,Inorganic ion transport and metabolism,#0000ff,
b1706,ydiU,1789808,0.0041653745,Function unknown,#708090,
b1707,ydiV,1791307,0.0158516084,Transcription,#f4a460,
b1708,nlpC,1792267,0.0047621874,Cell wall/membrane/envelope biogenesis,#c71585,
b1709,btuD,1792809,-0.0028672867,Inorganic ion transport and metabolism,#0000ff,
b1710,btuE,1793558,0.0070728933,"Post-translational modification, protein turnover,and chaperones",#87ceeb,
b1711,btuC,1794172,0.0032856901,"Intracellular trafficking, secretion, and vesicular transport",#8b4513,
b1712,ihfA,1795253,0.0070585335,Transcription,#f4a460,
b1713,pheT,1795557,-0.005587921300000001,"Translation, ribosomal structure and biogenesis",#000000,
b1714,pheS,1797959,-0.0122838737,"Translation, ribosomal structure and biogenesis",#000000,
b1716,rplT,1799393,-0.0042718173,"Translation, ribosomal structure and biogenesis",#000000,
b1717,rpmI,1799802,0.0006785938000000001,"Translation, ribosomal structure and biogenesis",#000000,
b1718,infC,1800096,-0.0109319459,"Translation, ribosomal structure and biogenesis",#000000,
b1719,thrS,1800642,-0.015335205000000001,"Translation, ribosomal structure and biogenesis",#000000,
b4494,arpB,1803094,-0.0041885279,Function unknown,#708090,
b4535,yniD,1805165,-0.0072920549,No COG annotation,#87cefa,
b1722,ydiY,1805325,1.3645100000000001e-05,Cell wall/membrane/envelope biogenesis,#c71585,
b1723,pfkB,1806370,0.0032578497,Nucleotide transport and metabolism,#00bfbf,
b1724,ydiZ,1807400,-0.0262151027,Function unknown,#708090,
b1725,yniA,1807796,-0.0026642008,Carbohydrate transport and metabolism,#ffc0cb,
b1726,yniB,1808697,-0.0055995022,Function unknown,#708090,
b1727,hxpB,1809380,0.0018010583,Function unknown,#708090,
b1728,ydjM,1810211,0.0115753851,Function unknown,#708090,
b1729,tcyP,1810934,0.005431159200000001,"Intracellular trafficking, secretion, and vesicular transport",#8b4513,
b1730,ydjO,1812329,-0.014969226700000001,No COG annotation,#87cefa,
b1731,cedA,1813421,0.0185093606,"Cell cycle control, cell division, chromosome partitioning",#bfbf00,
b1732,katE,1813867,-0.0019001253,Inorganic ion transport and metabolism,#0000ff,
b1733,chbG,1816386,0.0023306345,Carbohydrate transport and metabolism,#ffc0cb,
b1734,chbF,1817148,-0.0023112228,Carbohydrate transport and metabolism,#ffc0cb,
b1735,chbR,1818605,-0.0003721284,Transcription,#f4a460,
b1736,chbA,1819455,-0.0159931348,Carbohydrate transport and metabolism,#ffc0cb,
b1737,chbC,1819856,0.0037890315,Carbohydrate transport and metabolism,#ffc0cb,
b1738,chbB,1821299,0.0159462692,Carbohydrate transport and metabolism,#ffc0cb,
b1739,osmE,1821918,-0.0067595261000000005,Cell wall/membrane/envelope biogenesis,#c71585,
b1740,nadE,1822458,-0.0040639761,Nucleotide transport and metabolism,#00bfbf,
b1741,cho,1823515,-0.0031635428,"Replication, recombination and repair",#ff00ff,
b1742,ves,1824362,-0.0038447489,Function unknown,#708090,
b1743,spy,1825140,0.0393805515,Cell motility,#da70d6,
b1744,astE,1825955,-0.0080721512,Amino acid transport and metabolism,#ff0000,
b1745,astB,1826916,0.0091989813,Amino acid transport and metabolism,#ff0000,
b1746,astD,1828256,-0.0346606364,Energy production and conversion,#90ee90,
b1747,astA,1829731,-0.0008671919,Amino acid transport and metabolism,#ff0000,
b1748,astC,1830762,-0.024309169000000002,Amino acid transport and metabolism,#ff0000,
b1749,xthA,1832428,-0.0013276831000000001,"Replication, recombination and repair",#ff00ff,
b1750,ydjX,1833401,0.0383303355,Function unknown,#708090,
b1751,ydjY,1834116,0.0239410881,No COG annotation,#87cefa,
b1752,ydjZ,1834808,-0.0090926376,Function unknown,#708090,
b1753,ynjA,1835515,0.0007794522,Function unknown,#708090,
b1754,ynjB,1836073,0.0010964288,Function unknown,#708090,
b1755,ynjC,1837212,-0.005918812000000001,Inorganic ion transport and metabolism,#0000ff,
b1756,ynjD,1838747,-0.013312975400000001,Inorganic ion transport and metabolism,#0000ff,
b1757,ynjE,1839467,-0.0045981169,Cell wall/membrane/envelope biogenesis,#c71585,
b1758,ynjF,1840783,0.0240200509,Lipid transport and metabolism,#40e0d0,
b1759,nudG,1841490,-0.0071622103,"Replication, recombination and repair",#ff00ff,
b1760,ynjH,1841863,-0.0076280884,Function unknown,#708090,
b1761,gdhA,1842371,0.0068387612000000006,Amino acid transport and metabolism,#ff0000,
b1762,ynjI,1843831,0.0016920541000000002,Function unknown,#708090,
b1763,topB,1844999,0.0066676584,"Replication, recombination and repair",#ff00ff,
b1764,selD,1846965,-0.0016751568,Nucleotide transport and metabolism,#00bfbf,
b1765,ydjA,1848125,0.0088221978,Energy production and conversion,#90ee90,
b1766,sppA,1848837,0.0044678843,"Post-translational modification, protein turnover,and chaperones",#87ceeb,
b1767,ansA,1850860,-0.0002363044,Amino acid transport and metabolism,#ff0000,
b1768,pncA,1851887,0.0004203074,"Secondary metabolites biosynthesis, transport, and catabolism",#1e90ff,
b1769,ydjE,1852621,0.0062143155,Amino acid transport and metabolism,#ff0000,
b1770,ydjF,1854096,0.0154202498,Transcription,#f4a460,
b1771,ydjG,1854991,0.0064422263,Energy production and conversion,#90ee90,
b1772,ydjH,1855981,-0.0435242397,Carbohydrate transport and metabolism,#ffc0cb,
b1773,ydjI,1856933,-0.0096198831,Carbohydrate transport and metabolism,#ffc0cb,
b1774,ydjJ,1857790,-0.0025942127,Amino acid transport and metabolism,#ff0000,
b1775,ydjK,1858850,0.01720648,Inorganic ion transport and metabolism,#0000ff,
b1776,ydjL,1860256,-0.0136287117,Energy production and conversion,#90ee90,
b1777,yeaC,1861702,-0.011036930700000001,Function unknown,#708090,
b1778,msrB,1862016,0.0037099222,"Post-translational modification, protein turnover,and chaperones",#87ceeb,
b1779,gapA,1862771,-0.0142483884,Nucleotide transport and metabolism,#00bfbf,
b1780,yeaD,1863850,-0.0112802213,Carbohydrate transport and metabolism,#ffc0cb,
b1781,yeaE,1864782,0.0048729052,Function unknown,#708090,
b1782,mipA,1865726,0.0057665375,Cell wall/membrane/envelope biogenesis,#c71585,
b1783,yeaG,1866908,0.0056607503000000005,Signal transduction mechanisms,#00ff00,
b1784,yeaH,1868955,0.0050526071,Function unknown,#708090,
b1785,cdgI,1870385,0.0239473339,Signal transduction mechanisms,#00ff00,
b1786,dgcJ,1872041,-0.0098786288,Signal transduction mechanisms,#00ff00,
b1787,yeaK,1873574,0.0144432959,Function unknown,#708090,
b1788,yoaI,1874078,-0.0022179016,No COG annotation,#87cefa,
b1789,yeaL,1874352,0.0034363689000000003,Function unknown,#708090,
b1790,nimR,1874755,0.0013352488,Transcription,#f4a460,
b1791,nimT,1875673,-0.0072768516,Inorganic ion transport and metabolism,#0000ff,
b1792,yeaO,1876909,0.011994905600000001,Function unknown,#708090,
b1793,yoaF,1877278,-0.020259927,Function unknown,#708090,
b1794,dgcP,1877715,-0.0024752521000000003,Signal transduction mechanisms,#00ff00,
b1795,yeaQ,1879007,0.0039660497,Function unknown,#708090,
b1796,yoaG,1879403,-0.013308724400000001,Function unknown,#708090,
b1797,yeaR,1879589,0.0259506377,Inorganic ion transport and metabolism,#0000ff,
b1798,leuE,1880121,0.0138741273,Amino acid transport and metabolism,#ff0000,
b1799,dmlR,1880886,-0.0096580532,Transcription,#f4a460,
b1800,dmlA,1881912,0.0050291734,Energy production and conversion,#90ee90,
b1801,yeaV,1883188,-0.0049670009,Cell wall/membrane/envelope biogenesis,#c71585,
b1802,yeaW,1884665,0.0207767179,Inorganic ion transport and metabolism,#0000ff,
b1803,yeaX,1885845,-0.0053766272,Energy production and conversion,#90ee90,
b1804,rnd,1886864,0.0036247505,"Translation, ribosomal structure and biogenesis",#000000,
b1805,fadD,1888061,0.0031881020000000004,Lipid transport and metabolism,#40e0d0,
b1806,yeaY,1889951,-0.0044928866,Cell wall/membrane/envelope biogenesis,#c71585,
b1807,tsaB,1890572,7.0639e-06,"Post-translational modification, protein turnover,and chaperones",#87ceeb,
b1808,yoaA,1891325,-0.0023255941,Transcription,#f4a460,
b1809,yoaB,1893367,0.015039083200000001,"Translation, ribosomal structure and biogenesis",#000000,
b1810,yoaC,1894133,0.0199514235,Function unknown,#708090,
b1811,yoaH,1894552,0.0035486650000000003,Function unknown,#708090,
b1812,pabB,1894805,0.0008054204000000001,Amino acid transport and metabolism,#ff0000,
b1813,nudL,1896170,-0.0039888253,Nucleotide transport and metabolism,#00bfbf,
b1814,sdaA,1896932,-0.0034359667,Amino acid transport and metabolism,#ff0000,
b1815,pdeD,1898427,0.0084110719,Signal transduction mechanisms,#00ff00,
b1816,yoaE,1900029,-0.0045010427,Inorganic ion transport and metabolism,#0000ff,
b4751,yoaL,1901573,0.0023677211,No COG annotation,#87cefa,
b1817,manX,1902048,0.0075977335,Carbohydrate transport and metabolism,#ffc0cb,
b1818,manY,1903082,0.0010955317,Carbohydrate transport and metabolism,#ffc0cb,
b1819,manZ,1903895,-0.0014581954000000002,Carbohydrate transport and metabolism,#ffc0cb,
b1820,yobD,1904801,-0.0069191122,Function unknown,#708090,
b1821,mntP,1905688,-0.0011495610000000001,Inorganic ion transport and metabolism,#0000ff,
b1822,rlmA,1906251,-0.0133858297,"Translation, ribosomal structure and biogenesis",#000000,
b1823,cspC,1907226,-0.0100881698,Transcription,#f4a460,
b1824,yobF,1907448,0.006123872000000001,Function unknown,#708090,
b1825,yebO,1908261,-0.0130502876,Function unknown,#708090,
b1826,mgrB,1908623,-0.0061327478,Function unknown,#708090,
b4536,yobH,1908925,0.005366536000000001,Function unknown,#708090,
b1827,kdgR,1909308,-0.0001900602,Transcription,#f4a460,
b1828,yebQ,1910276,0.0169317681,Amino acid transport and metabolism,#ff0000,
b1829,htpX,1911695,-0.0006026792,"Post-translational modification, protein turnover,and chaperones",#87ceeb,
b1830,prc,1912768,0.0040365383,Cell wall/membrane/envelope biogenesis,#c71585,
b1831,proQ,1914836,0.0071250016,Signal transduction mechanisms,#00ff00,
b1832,msrC,1915631,0.0136824886,Signal transduction mechanisms,#00ff00,
b1833,yebS,1916258,-0.0010894671,Function unknown,#708090,
b1834,yebT,1917510,0.0046067627,"Secondary metabolites biosynthesis, transport, and catabolism",#1e90ff,
b1835,rsmF,1920223,0.0014235126,"Translation, ribosomal structure and biogenesis",#000000,
b1836,yebV,1921780,-0.0048270714,Function unknown,#708090,
b1837,yebW,1922121,-0.0009968483,Function unknown,#708090,
b1838,pphA,1922313,0.0176417013,Signal transduction mechanisms,#00ff00,
b1839,yebY,1923365,-0.0078961963,Function unknown,#708090,
b1840,yebZ,1923719,-0.0013524391,Inorganic ion transport and metabolism,#0000ff,
b1841,yobA,1924595,-0.0148502484,Function unknown,#708090,
b1842,holE,1925108,-0.005787891000000001,"Replication, recombination and repair",#ff00ff,
b1843,yobB,1925440,0.0067611531,Function unknown,#708090,
b1844,exoX,1926120,-0.0068801153000000006,"Replication, recombination and repair",#ff00ff,
b1845,ptrB,1926779,-0.0124829167,Amino acid transport and metabolism,#ff0000,
b1846,yebE,1929048,0.0062514882,Function unknown,#708090,
b1847,yebF,1930034,0.0249485909,Function unknown,#708090,
b1848,yebG,1930457,-0.0171685941,Function unknown,#708090,
b1849,purT,1930881,0.0111280491,Nucleotide transport and metabolism,#00bfbf,
b1850,eda,1932115,0.0036554121000000003,Carbohydrate transport and metabolism,#ffc0cb,
b1851,edd,1932793,-0.015157072700000001,Amino acid transport and metabolism,#ff0000,
b1852,zwf,1934839,-0.0069925172,Nucleotide transport and metabolism,#00bfbf,
b1853,yebK,1936652,-0.0035279114,Transcription,#f4a460,
b1854,pykA,1937649,-0.0076591053,Nucleotide transport and metabolism,#00bfbf,
b1855,lpxM,1939222,-0.0037937416,Cell wall/membrane/envelope biogenesis,#c71585,
b1856,mepM,1940313,-0.0070413182000000005,Cell wall/membrane/envelope biogenesis,#c71585,
b1857,znuA,1941651,-0.002677992,Inorganic ion transport and metabolism,#0000ff,
b1858,znuC,1942662,-0.0060634874,Inorganic ion transport and metabolism,#0000ff,
b1859,znuB,1943414,0.011521100900000001,Inorganic ion transport and metabolism,#0000ff,
b1860,ruvB,1944346,-0.0008696271,"Replication, recombination and repair",#ff00ff,
b1861,ruvA,1945365,-0.014770834000000002,"Replication, recombination and repair",#ff00ff,
b1862,yebB,1946251,0.0146117819,Function unknown,#708090,
b1863,ruvC,1946855,0.0023146411,"Replication, recombination and repair",#ff00ff,
b1864,yebC,1947411,-0.0004334361,Transcription,#f4a460,
b1865,nudB,1948180,-0.0032996407,"Replication, recombination and repair",#ff00ff,
b1866,aspS,1948750,0.0026974408,"Translation, ribosomal structure and biogenesis",#000000,
b1867,yecD,1950832,0.0038969802,"Secondary metabolites biosynthesis, transport, and catabolism",#1e90ff,
b1868,yecE,1951395,0.0099116249,Function unknown,#708090,
b1869,yecN,1952266,0.0166998703,Function unknown,#708090,
b1870,cmoA,1952702,-0.0051112615,"Translation, ribosomal structure and biogenesis",#000000,
b1871,cmoB,1953442,0.0081730134,"Translation, ribosomal structure and biogenesis",#000000,
b1872,torZ,1954578,-0.0060343864,Energy production and conversion,#90ee90,
b1873,torY,1957032,0.0042207040000000005,Energy production and conversion,#90ee90,
b1874,cutC,1958520,0.0114780174,Inorganic ion transport and metabolism,#0000ff,
b1875,yecM,1959280,-0.0070710176,Function unknown,#708090,
b1876,argS,1960062,-0.0011871104,"Translation, ribosomal structure and biogenesis",#000000,
b1877,yecT,1961972,0.0200805002,Function unknown,#708090,
b1878,flhE,1962580,-0.0372471734,Cell motility,#da70d6,
b1879,flhA,1962972,-0.008195874,Cell motility,#da70d6,
b1880,flhB,1965043,-0.0087953274,Cell motility,#da70d6,
b1881,cheZ,1966393,-0.0028093501,"Translation, ribosomal structure and biogenesis",#000000,
b1882,cheY,1967048,-0.0036695585,Transcription,#f4a460,
b1883,cheB,1967452,0.0054118003,Cell motility,#da70d6,
b1884,cheR,1968504,-0.0094395878,"Translation, ribosomal structure and biogenesis",#000000,
b1885,tap,1969383,-0.009289665400000001,Cell motility,#da70d6,
b1886,tar,1971030,0.0019273924000000001,Cell motility,#da70d6,
b1887,cheW,1972836,0.0053117894,Cell motility,#da70d6,
b1888,cheA,1973360,0.0075316232,Cell motility,#da70d6,
b1889,motB,1975329,-0.0088324024,Cell motility,#da70d6,
b1890,motA,1976252,0.013993007200000001,Cell motility,#da70d6,
b1891,flhC,1977266,-0.0094203279,Transcription,#f4a460,
b1892,flhD,1977847,-0.0017835984,Transcription,#f4a460,
b1893,insB-5,1978518,-0.0003793662,"Replication, recombination and repair",#ff00ff,
b1894,insA-5,1978940,-0.023180916000000003,"Replication, recombination and repair",#ff00ff,
b1895,uspC,1979753,-0.0050453205000000004,Signal transduction mechanisms,#00ff00,
b1896,otsA,1980188,-0.0081823201,Carbohydrate transport and metabolism,#ffc0cb,
b1897,otsB,1981587,-0.0053909763,Carbohydrate transport and metabolism,#ffc0cb,
b4460,araH,1982554,-0.005920326300000001,Carbohydrate transport and metabolism,#ffc0cb,
b1900,araG,1983555,-0.0005979953,Inorganic ion transport and metabolism,#0000ff,
b1901,araF,1985139,-0.0066056362,Carbohydrate transport and metabolism,#ffc0cb,
b1902,ftnB,1986925,0.0172286124,Inorganic ion transport and metabolism,#0000ff,
b4537,yecJ,1987507,0.0079817324,Function unknown,#708090,
b1904,yecR,1988222,0.057510961000000006,Function unknown,#708090,
b1905,ftnA,1988716,0.0020828269,Inorganic ion transport and metabolism,#0000ff,
b1906,yecH,1989251,0.0063087724,Function unknown,#708090,
b1907,tyrP,1989681,0.0017410604000000001,Amino acid transport and metabolism,#ff0000,
b1908,yecA,1990954,-0.0026738868,Energy production and conversion,#90ee90,
b1912,pgsA,1992269,0.0153007369,Lipid transport and metabolism,#40e0d0,
b1913,uvrC,1992874,0.0063473919,"Replication, recombination and repair",#ff00ff,
b1914,uvrY,1994703,-0.0008200699000000001,Transcription,#f4a460,
b1915,yecF,1995818,-1.91687e-05,Function unknown,#708090,
b1916,sdiA,1996110,-0.0232615597,Transcription,#f4a460,
b1917,tcyN,1997062,-0.008948438500000001,Inorganic ion transport and metabolism,#0000ff,
b1918,tcyL,1997811,-0.0003986353,Inorganic ion transport and metabolism,#0000ff,
b1919,dcyD,1998494,-8.4274e-06,Amino acid transport and metabolism,#ff0000,
b1920,tcyJ,1999585,0.0006631888,Amino acid transport and metabolism,#ff0000,
b1921,fliZ,2000473,-0.0025924344,Transcription,#f4a460,
b1922,fliA,2001070,-0.0024198004000000003,Transcription,#f4a460,
b1923,fliC,2002110,0.0015795667000000002,Cell motility,#da70d6,
b1924,fliD,2003872,0.0112207474,Cell motility,#da70d6,
b1925,fliS,2005303,0.010588024000000001,Cell motility,#da70d6,
b1926,fliT,2005713,-0.019410507,Transcription,#f4a460,
b1927,amyA,2006156,0.0015320938,Carbohydrate transport and metabolism,#ffc0cb,
b1928,yedD,2007677,-0.0063612734,Cell wall/membrane/envelope biogenesis,#c71585,
b1929,yedE,2008277,0.0235844739,Function unknown,#708090,
b1930,yedF,2009479,0.0044686718,"Post-translational modification, protein turnover,and chaperones",#87ceeb,
b1931,yedK,2009821,0.0003554079,Amino acid transport and metabolism,#ff0000,
b1932,yedL,2010600,0.0050262132,Transcription,#f4a460,
b4495,yedN,2011223,0.0078250395,Function unknown,#708090,
b1936,intG,2012502,0.015715372000000002,"Replication, recombination and repair",#ff00ff,
b1937,fliE,2012700,0.0032816493000000003,Cell motility,#da70d6,
b1938,fliF,2013229,0.0023010532,Cell motility,#da70d6,
b1939,fliG,2014880,-0.0104176896,Cell motility,#da70d6,
b1940,fliH,2015868,0.0013996686,Cell motility,#da70d6,
b1941,fliI,2016554,-7.06233e-05,Cell motility,#da70d6,
b1942,fliJ,2017946,-0.010769829600000001,Cell motility,#da70d6,
b1943,fliK,2018386,-0.009197759100000001,Cell motility,#da70d6,
b1944,fliL,2019618,-0.0002511652,Cell motility,#da70d6,
b1945,fliM,2020087,0.0031285025,Cell motility,#da70d6,
b1946,fliN,2021088,0.0357425007,Cell motility,#da70d6,
b1947,fliO,2021504,0.0085275409,Cell motility,#da70d6,
b1948,fliP,2021869,0.0117221196,Cell motility,#da70d6,
b1949,fliQ,2022616,-0.0041673777000000006,Cell motility,#da70d6,
b1950,fliR,2022893,-0.019620567000000002,Cell motility,#da70d6,
b1951,rcsA,2023968,0.0100554365,Transcription,#f4a460,
b1952,dsrB,2024635,-0.017129733,Function unknown,#708090,
b1953,yodD,2024986,0.0035495646,Function unknown,#708090,
b1955,yedP,2025511,-0.000312005,Function unknown,#708090,
b1956,dgcQ,2026323,-0.0078777123,Signal transduction mechanisms,#00ff00,
b1957,yodC,2028188,-0.0019688322,Function unknown,#708090,
b1958,yedI,2028449,0.0064740946,Function unknown,#708090,
b1959,yedA,2029539,-0.0270667798,Amino acid transport and metabolism,#ff0000,
b1960,vsr,2030448,0.0066702901,"Replication, recombination and repair",#ff00ff,
b1961,dcm,2030899,0.0016627156000000001,"Replication, recombination and repair",#ff00ff,
b1962,yedJ,2032384,-0.0016073289,Function unknown,#708090,
b1963,yedR,2033119,0.006626402500000001,No COG annotation,#87cefa,
b4496,yedS,2034051,-0.0097227132,Cell wall/membrane/envelope biogenesis,#c71585,
b1967,hchA,2035835,-0.0062973317000000004,"Translation, ribosomal structure and biogenesis",#000000,
b1968,hprS,2036794,-0.020921043,Signal transduction mechanisms,#00ff00,
b1969,hprR,2038152,-0.0044708186,Transcription,#f4a460,
b1970,yedX,2038956,-0.0021260489,Nucleotide transport and metabolism,#00bfbf,
b1971,msrP,2039478,-0.0122658286,Energy production and conversion,#90ee90,
b1972,msrQ,2040483,-0.0058632115,Energy production and conversion,#90ee90,
b1973,zinT,2041375,0.0078030126,Function unknown,#708090,
b1974,yodB,2042368,0.0326527633,Energy production and conversion,#90ee90,
b1976,mtfA,2043651,-0.0010461571,Function unknown,#708090,
b1978,yeeJ,2044938,0.0050835664000000004,Cell wall/membrane/envelope biogenesis,#c71585,
b4497,yeeL,2052276,0.0043142774,Cell wall/membrane/envelope biogenesis,#c71585,
b1981,shiA,2053643,0.0097833715,Inorganic ion transport and metabolism,#0000ff,
b1982,amn,2055061,0.0015553698,Nucleotide transport and metabolism,#00bfbf,
b1983,yeeN,2056858,-0.0096661304,Transcription,#f4a460,
b1985,yeeO,2058203,-0.011501205300000001,"Intracellular trafficking, secretion, and vesicular transport",#8b4513,
b1987,cbl,2059964,0.0054408668,Transcription,#f4a460,
b1988,nac,2061016,-0.0154282607,Transcription,#f4a460,
b1990,ldtA,2062391,-0.0018760014,Cell wall/membrane/envelope biogenesis,#c71585,
b1991,cobT,2063388,0.007147615600000001,Nucleotide transport and metabolism,#00bfbf,
b1992,cobS,2064479,0.0146207561,Coenzyme transport and metabolism,#008000,
b1993,cobU,2065219,-0.0026423645,Coenzyme transport and metabolism,#008000,
b1994,insH-6,2066305,-0.0009325334000000001,"Replication, recombination and repair",#ff00ff,
b4582,yoeA,2068635,0.0244015915,Inorganic ion transport and metabolism,#0000ff,
b1996,insD-3,2068952,-0.0032796917,"Replication, recombination and repair",#ff00ff,
b1997,insC-3,2069815,-0.0017101598,"Replication, recombination and repair",#ff00ff,
b1999,yeeP,2070786,-0.0008072001,Function unknown,#708090,
b2000,flu,2071539,0.0079709485,Cell wall/membrane/envelope biogenesis,#c71585,
b2001,yeeR,2074779,-0.0117776621,"Post-translational modification, protein turnover,and chaperones",#87ceeb,
b2002,yeeS,2076308,-0.0012953555,Amino acid transport and metabolism,#ff0000,
b2003,yeeT,2076817,0.0092027357,Function unknown,#708090,
b2004,cbeA,2077112,-0.0198352486,Function unknown,#708090,
b2005,cbtA,2077569,0.0036134317,Function unknown,#708090,
b2006,yeeW,2077940,-0.0203649251,Function unknown,#708090,
b4538,yoeF,2078575,0.010651002000000001,Amino acid transport and metabolism,#ff0000,
b2007,yeeX,2079032,-0.011018040500000001,Function unknown,#708090,
b2008,yeeA,2079533,0.0017437084,Function unknown,#708090,
b2009,sbmC,2080789,0.0146013678,"Replication, recombination and repair",#ff00ff,
b2010,dacD,2081381,-0.0024799875,Cell wall/membrane/envelope biogenesis,#c71585,
b2011,sbcB,2082756,0.0053847392,"Replication, recombination and repair",#ff00ff,
b2012,yeeD,2084226,0.0018297629,"Post-translational modification, protein turnover,and chaperones",#87ceeb,
b2013,yeeE,2084467,-0.011365685,Function unknown,#708090,
b2014,plaP,2085704,-0.0108193788,Amino acid transport and metabolism,#ff0000,
b2015,yeeY,2087329,-0.0039914632,Transcription,#f4a460,
b2016,yeeZ,2088304,-0.0050282586,Carbohydrate transport and metabolism,#ffc0cb,
b4539,yoeB,2089211,0.0030248345000000003,Function unknown,#708090,
b2017,yefM,2089462,-0.0106795478,"Cell cycle control, cell division, chromosome partitioning",#bfbf00,
b2019,hisG,2090192,-0.0118180847,Nucleotide transport and metabolism,#00bfbf,
b2020,hisD,2091097,-0.0040763413,Amino acid transport and metabolism,#ff0000,
b2021,hisC,2092398,-0.013370459400000001,Amino acid transport and metabolism,#ff0000,
b2022,hisB,2093468,0.0031733893,Amino acid transport and metabolism,#ff0000,
b2023,hisH,2094535,-0.0026755464,Amino acid transport and metabolism,#ff0000,
b2024,hisA,2095125,0.0074142755,Amino acid transport and metabolism,#ff0000,
b2025,hisF,2095844,0.007838613900000001,Amino acid transport and metabolism,#ff0000,
b2026,hisI,2096614,0.0011994392000000001,Nucleotide transport and metabolism,#00bfbf,
b2027,wzzB,2097321,-0.004793552,Cell wall/membrane/envelope biogenesis,#c71585,
b2028,ugd,2098447,0.0079382639,Cell wall/membrane/envelope biogenesis,#c71585,
b2029,gnd,2099862,-0.0024309498000000002,Nucleotide transport and metabolism,#00bfbf,
b4571,wbbL,2101396,-0.0026148659,No COG annotation,#87cefa,
b2030,insH-7,2101895,-0.0083305976,"Replication, recombination and repair",#ff00ff,
b2032,wbbK,2103391,-0.0044077967,Cell wall/membrane/envelope biogenesis,#c71585,
b2033,wbbJ,2104494,-0.00018081960000000002,Function unknown,#708090,
b2034,wbbI,2105065,-0.012580709800000001,Cell wall/membrane/envelope biogenesis,#c71585,
b2035,wbbH,2106060,0.0014438815000000001,RNA processing and modification,#add8e6,
b2036,glf,2107226,0.0007511264,"Translation, ribosomal structure and biogenesis",#000000,
b2037,rfbX,2108337,0.006002093500000001,Function unknown,#708090,
b2038,rfbC,2109581,0.012337615900000001,Nucleotide transport and metabolism,#00bfbf,
b2039,rfbA,2110138,0.011777691600000001,Cell wall/membrane/envelope biogenesis,#c71585,
b2040,rfbD,2111077,0.00036301380000000003,Nucleotide transport and metabolism,#00bfbf,
b2041,rfbB,2111976,-0.0016713895,Nucleotide transport and metabolism,#00bfbf,
b2042,galF,2113434,-0.0011010972,Cell wall/membrane/envelope biogenesis,#c71585,
b2043,wcaM,2114502,0.0244535394,Cell wall/membrane/envelope biogenesis,#c71585,
b2044,wcaL,2115907,-0.0073972246,Cell wall/membrane/envelope biogenesis,#c71585,
b2045,wcaK,2117124,-0.0037624821,Function unknown,#708090,
b2046,wzxC,2118680,-0.0029406957,Function unknown,#708090,
b2047,wcaJ,2120160,0.0078317496,Cell wall/membrane/envelope biogenesis,#c71585,
b2048,cpsG,2121609,-0.0023181111,Nucleotide transport and metabolism,#00bfbf,
b2049,cpsB,2123084,-0.011922494,Carbohydrate transport and metabolism,#ffc0cb,
b2050,wcaI,2124523,-0.0110059847,Carbohydrate transport and metabolism,#ffc0cb,
b2051,gmm,2125743,-0.0069265328,Nucleotide transport and metabolism,#00bfbf,
b2052,fcl,2126225,0.0025578395000000003,Carbohydrate transport and metabolism,#ffc0cb,
b2053,gmd,2127193,0.0040814012,Nucleotide transport and metabolism,#00bfbf,
b2054,wcaF,2128340,0.0049658045000000005,Function unknown,#708090,
b2055,wcaE,2128904,-0.0020516124,Function unknown,#708090,
b2056,wcaD,2129661,-0.0268100779,Function unknown,#708090,
b2057,wcaC,2130853,-0.0218374216,Cell wall/membrane/envelope biogenesis,#c71585,
b2058,wcaB,2132067,0.0074634844,Amino acid transport and metabolism,#ff0000,
b2059,wcaA,2132558,-0.0093383313,Cell wall/membrane/envelope biogenesis,#c71585,
b2060,wzc,2133490,0.0017195266,"Cell cycle control, cell division, chromosome partitioning",#bfbf00,
b2061,wzb,2135655,0.019495973700000002,Signal transduction mechanisms,#00ff00,
b2062,wza,2136104,-0.0029453576,Cell wall/membrane/envelope biogenesis,#c71585,
b2063,yegH,2137902,0.00370883,Inorganic ion transport and metabolism,#0000ff,
b2064,asmA,2139759,-0.0015523611,Cell wall/membrane/envelope biogenesis,#c71585,
b2065,dcd,2141634,-0.0101498458,Nucleotide transport and metabolism,#00bfbf,
b2066,udk,2142307,-0.0010712704,Nucleotide transport and metabolism,#00bfbf,
b2067,dgcE,2143266,-0.0060413235,Signal transduction mechanisms,#00ff00,
b2068,alkA,2146692,-0.0011440313,"Replication, recombination and repair",#ff00ff,
b2069,yegD,2147674,-0.0060797005,"Post-translational modification, protein turnover,and chaperones",#87ceeb,
b2070,yegI,2149039,0.0016827126,Function unknown,#708090,
b2071,yegJ,2151185,-0.022875041800000002,Function unknown,#708090,
b2072,pphC,2151711,0.002789166,Signal transduction mechanisms,#00ff00,
b2073,yegL,2152469,0.0217634609,Function unknown,#708090,
b2074,mdtA,2154016,0.007751843400000001,Cell wall/membrane/envelope biogenesis,#c71585,
b2075,mdtB,2155263,0.0053701017,Defense mechanisms,#d3d3d3,
b2076,mdtC,2158386,0.0029503636000000003,Defense mechanisms,#d3d3d3,
b2077,mdtD,2161464,-0.011348069300000001,Amino acid transport and metabolism,#ff0000,
b2078,baeS,2162876,-0.010175231,Signal transduction mechanisms,#00ff00,
b2079,baeR,2164276,0.01306125,Transcription,#f4a460,
b2080,yegP,2165189,-0.032537467300000004,Function unknown,#708090,
b2081,yegQ,2165668,0.0026283517,"Post-translational modification, protein turnover,and chaperones",#87ceeb,
b2082,ogrK,2167302,0.0176754901,Transcription,#f4a460,
b2083,yegZ,2167602,0.0047659294000000005,Function unknown,#708090,
b2085,yegR,2167989,-0.006392964300000001,No COG annotation,#87cefa,
b2086,yegS,2168712,-0.011261021500000001,Nucleotide transport and metabolism,#00bfbf,
b4498,gatR,2169693,0.004709332,No COG annotation,#87cefa,
b2088,insE-5,2170236,-0.0016716019,"Replication, recombination and repair",#ff00ff,
b2089,insF-5,2170532,0.008545586400000001,"Replication, recombination and repair",#ff00ff,
b2091,gatD,2171833,-0.008911321100000001,Amino acid transport and metabolism,#ff0000,
b2092,gatC,2172921,-0.0108227752,Carbohydrate transport and metabolism,#ffc0cb,
b2093,gatB,2174282,-0.0016571021,Carbohydrate transport and metabolism,#ffc0cb,
b2094,gatA,2174597,0.0014913725,Carbohydrate transport and metabolism,#ffc0cb,
b2095,gatZ,2175059,0.007633647,Carbohydrate transport and metabolism,#ffc0cb,
b2096,gatY,2176350,0.0088500463,Nucleotide transport and metabolism,#00bfbf,
b2097,fbaB,2177512,-0.0046603311,Nucleotide transport and metabolism,#00bfbf,
b2098,yegT,2178821,-0.0003739258,Inorganic ion transport and metabolism,#0000ff,
b2099,yegU,2180095,0.0054690271,"Post-translational modification, protein turnover,and chaperones",#87ceeb,
b2100,yegV,2181096,0.0150256282,Carbohydrate transport and metabolism,#ffc0cb,
b2101,yegW,2182035,0.0009625083,Transcription,#f4a460,
b2102,yegX,2182833,-0.010702787200000001,Cell wall/membrane/envelope biogenesis,#c71585,
b2103,thiD,2183716,-0.0154976114,Coenzyme transport and metabolism,#008000,
b2104,thiM,2184513,0.0119878754,Nucleotide transport and metabolism,#00bfbf,
b2105,rcnR,2185524,-0.0090735969,Transcription,#f4a460,
b2106,rcnA,2185917,-0.0014448308,"Intracellular trafficking, secretion, and vesicular transport",#8b4513,
b2107,rcnB,2186960,-0.0312731731,Function unknown,#708090,
b2108,yehA,2187380,0.0086305203,Cell motility,#da70d6,
b2109,yehB,2188430,-0.0112053095,Cell motility,#da70d6,
b2110,yehC,2190926,0.0045515758,Cell motility,#da70d6,
b2111,yehD,2191680,-0.07320412700000001,Cell motility,#da70d6,
b2112,yehE,2192515,-0.0207842063,Function unknown,#708090,
b2113,mrp,2193059,0.0018373965,"Cell cycle control, cell division, chromosome partitioning",#bfbf00,
b2114,metG,2194300,-0.0003710734,"Translation, ribosomal structure and biogenesis",#000000,
b2115,yehF,2196474,0.0210973386,Function unknown,#708090,
b2118,yehI,2200279,-0.0024604776,Function unknown,#708090,
b2119,yehL,2204596,-0.001043141,Function unknown,#708090,
b2120,yehM,2205695,-0.0041166716,Function unknown,#708090,
b2121,yehP,2207967,0.0130687582,Function unknown,#708090,
b2122,yehQ,2209100,-0.016680177,Function unknown,#708090,
b2123,yehR,2211225,0.0100866759,Function unknown,#708090,
b2124,yehS,2211726,0.0107609887,Function unknown,#708090,
b2125,btsR,2212243,0.0055824159,Transcription,#f4a460,
b2126,btsS,2212959,0.0063857584,Signal transduction mechanisms,#00ff00,
b2127,mlrA,2214866,0.0110569721,Transcription,#f4a460,
b4542,yohO,2215657,-0.0221964386,No COG annotation,#87cefa,
b2128,yehW,2215745,0.007689232000000001,Inorganic ion transport and metabolism,#0000ff,
b2129,yehX,2216481,0.013391864500000001,Inorganic ion transport and metabolism,#0000ff,
b2130,yehY,2217400,0.00022887150000000002,Inorganic ion transport and metabolism,#0000ff,
b2131,osmF,2218564,-0.0129777491,Cell wall/membrane/envelope biogenesis,#c71585,
b2132,bglX,2219692,0.0026495472,Carbohydrate transport and metabolism,#ffc0cb,
b2133,dld,2222185,0.0071951326,Energy production and conversion,#90ee90,
b2134,pbpG,2223938,0.0017310533,Cell wall/membrane/envelope biogenesis,#c71585,
b2135,yohC,2225044,0.0093424367,Function unknown,#708090,
b2136,yohD,2225801,-0.0124540638,Function unknown,#708090,
b2137,yohF,2226509,-0.0020971229,Lipid transport and metabolism,#40e0d0,
b2139,mdtQ,2227323,-0.0023805677,No COG annotation,#87cefa,
b2140,dusC,2229438,0.00020907760000000002,"Translation, ribosomal structure and biogenesis",#000000,
b2141,yohJ,2230624,0.0127889236,Function unknown,#708090,
b2142,yohK,2231019,0.0002183816,Cell wall/membrane/envelope biogenesis,#c71585,
b2143,cdd,2231844,-0.0049395451000000005,Nucleotide transport and metabolism,#00bfbf,
b2144,sanA,2232878,-0.0133320478,Function unknown,#708090,
b2145,yeiS,2233600,-0.0197101625,Function unknown,#708090,
b2146,preT,2234033,-0.013618634000000001,Energy production and conversion,#90ee90,
b2147,preA,2235265,-0.00594482,Energy production and conversion,#90ee90,
b2148,mglC,2236743,0.0056633227,Carbohydrate transport and metabolism,#ffc0cb,
b2149,mglA,2237769,-0.0154374304,Inorganic ion transport and metabolism,#0000ff,
b2150,mglB,2239350,-0.0065425236,Carbohydrate transport and metabolism,#ffc0cb,
b2151,galS,2240628,0.0179207941,Transcription,#f4a460,
b2152,yeiB,2241810,0.0068529876,Function unknown,#708090,
b2153,folE,2242984,-0.001794575,Nucleotide transport and metabolism,#00bfbf,
b2154,yeiG,2243910,0.0095355209,Function unknown,#708090,
b2155,cirA,2244778,-0.0009328525,Inorganic ion transport and metabolism,#0000ff,
b2156,lysP,2247063,0.0031074667,Amino acid transport and metabolism,#ff0000,
b2157,yeiE,2248737,-0.014818732400000001,Transcription,#f4a460,
b2158,yeiH,2249717,-0.0060888145,Function unknown,#708090,
b2159,nfo,2250840,0.0089490768,"Replication, recombination and repair",#ff00ff,
b2160,yeiI,2251700,0.0061124138,Carbohydrate transport and metabolism,#ffc0cb,
b2161,nupX,2252895,-0.005045853800000001,Nucleotide transport and metabolism,#00bfbf,
b2162,rihB,2254245,0.0064233932,Nucleotide transport and metabolism,#00bfbf,
b2163,yeiL,2255355,-0.00452194,Transcription,#f4a460,
b2164,psuT,2256085,0.0017666897000000001,Nucleotide transport and metabolism,#00bfbf,
b2165,psuG,2257429,-0.011997074100000001,"Secondary metabolites biosynthesis, transport, and catabolism",#1e90ff,
b2166,psuK,2258355,0.0062398615,Carbohydrate transport and metabolism,#ffc0cb,
b2167,fruA,2259719,-0.0147564665,Carbohydrate transport and metabolism,#ffc0cb,
b2168,fruK,2261427,0.0011630534,Nucleotide transport and metabolism,#00bfbf,
b2169,fruB,2262365,0.0064271177,Carbohydrate transport and metabolism,#ffc0cb,
b2170,setB,2263863,0.0396896062,Amino acid transport and metabolism,#ff0000,
b4502,yeiW,2265041,0.0064957586,Function unknown,#708090,
b2171,yeiP,2265450,-0.0075512954000000005,"Translation, ribosomal structure and biogenesis",#000000,
b2172,yeiQ,2266245,-0.0009794652,Carbohydrate transport and metabolism,#ffc0cb,
b2173,yeiR,2267829,-0.0031842427,Function unknown,#708090,
b2174,lpxT,2268854,-0.0039337377,Lipid transport and metabolism,#40e0d0,
b2175,mepS,2269979,0.0147297681,Cell wall/membrane/envelope biogenesis,#c71585,
b2176,pdeN,2270726,-0.0010972873,Signal transduction mechanisms,#00ff00,
b2177,yejA,2272364,-0.0035109988000000003,Amino acid transport and metabolism,#ff0000,
b2178,yejB,2274179,-0.0050140892,Inorganic ion transport and metabolism,#0000ff,
b2179,yejE,2275273,-0.0110415635,Inorganic ion transport and metabolism,#0000ff,
b2180,yejF,2276300,-0.0033100267,Inorganic ion transport and metabolism,#0000ff,
b2181,yejG,2277893,-0.002241208,Function unknown,#708090,
b2182,bcr,2278570,-0.0058699607,Amino acid transport and metabolism,#ff0000,
b2183,rsuA,2279788,-0.0078067674,"Translation, ribosomal structure and biogenesis",#000000,
b2184,radD,2280632,0.0005926205,"Replication, recombination and repair",#ff00ff,
b2185,rplY,2282517,0.0098229545,"Translation, ribosomal structure and biogenesis",#000000,
b2186,yejK,2282940,0.0041926742000000005,Function unknown,#708090,
b2187,yejL,2284129,0.0070776591000000005,Function unknown,#708090,
b2188,yejM,2284376,0.0059958479,Function unknown,#708090,
b2190,yejO,2286390,0.0034497411,No COG annotation,#87cefa,
b2192,insH-8,2289065,-0.0070778103,"Replication, recombination and repair",#ff00ff,
b2193,narP,2290500,0.0086292642,Transcription,#f4a460,
b2194,ccmH,2291358,0.0030645916,Inorganic ion transport and metabolism,#0000ff,
b2195,ccmG,2292407,-0.0278221261,"Post-translational modification, protein turnover,and chaperones",#87ceeb,
b2196,ccmF,2292961,0.0010513119,"Post-translational modification, protein turnover,and chaperones",#87ceeb,
b2197,ccmE,2294901,0.0061789248,"Post-translational modification, protein turnover,and chaperones",#87ceeb,
b2198,ccmD,2295377,-0.0092603248,"Intracellular trafficking, secretion, and vesicular transport",#8b4513,
b2199,ccmC,2295583,0.0020895280000000002,"Intracellular trafficking, secretion, and vesicular transport",#8b4513,
b2200,ccmB,2296362,0.0045943855,"Post-translational modification, protein turnover,and chaperones",#87ceeb,
b2201,ccmA,2297021,0.0132492201,"Post-translational modification, protein turnover,and chaperones",#87ceeb,
b2202,napC,2297657,-0.0035242004,Energy production and conversion,#90ee90,
b2203,napB,2298269,0.0071532657000000005,Energy production and conversion,#90ee90,
b2204,napH,2298715,0.0014842894,Energy production and conversion,#90ee90,
b2205,napG,2299565,-0.0048107816,Energy production and conversion,#90ee90,
b2206,napA,2300267,0.0083889258,Energy production and conversion,#90ee90,
b2207,napD,2302750,-0.0371924092,Inorganic ion transport and metabolism,#0000ff,
b2208,napF,2303003,-0.0024981720000000003,Energy production and conversion,#90ee90,
b4604,yojO,2303606,-0.0011585193,No COG annotation,#87cefa,
b2209,eco,2303905,-0.0010254007000000001,Cell wall/membrane/envelope biogenesis,#c71585,
b2210,mqo,2305108,0.0068709259,Energy production and conversion,#90ee90,
b2211,yojI,2306972,0.0029272867,Inorganic ion transport and metabolism,#0000ff,
b2212,alkB,2308691,0.0119476732,"Replication, recombination and repair",#ff00ff,
b2213,ada,2309341,-0.0035150949,Transcription,#f4a460,
b2214,ftp,2310479,0.0045559465000000006,Coenzyme transport and metabolism,#008000,
b2215,ompC,2311646,0.012974549,Cell wall/membrane/envelope biogenesis,#c71585,
b2216,rcsD,2313488,-0.0037346028000000003,Signal transduction mechanisms,#00ff00,
b2217,rcsB,2316177,-0.0041117158000000004,Transcription,#f4a460,
b2218,rcsC,2317027,-0.0051519143,Signal transduction mechanisms,#00ff00,
b2219,atoS,2320043,0.0035275856,Signal transduction mechanisms,#00ff00,
b2220,atoC,2321866,0.0093622467,Signal transduction mechanisms,#00ff00,
b2221,atoD,2323447,-0.0160526919,Lipid transport and metabolism,#40e0d0,
b2222,atoA,2324109,-0.024909946000000002,Lipid transport and metabolism,#40e0d0,
b2223,atoE,2324756,0.0017465554,Lipid transport and metabolism,#40e0d0,
b2224,atoB,2326109,0.00435432,Lipid transport and metabolism,#40e0d0,
b2225,yfaP,2327367,0.0111140717,Function unknown,#708090,
b2226,yfaQ,2328148,-0.0044835746,Function unknown,#708090,
b4500,yfaS,2329798,-0.0034107211000000003,Function unknown,#708090,
b2229,yfaT,2334336,-0.0015582124000000001,Function unknown,#708090,
b2230,yfaA,2334956,-0.0011822053,Function unknown,#708090,
b2231,gyrA,2336793,-0.0040335338,"Replication, recombination and repair",#ff00ff,
b2232,ubiG,2339567,0.009211940600000001,Coenzyme transport and metabolism,#008000,
b2233,yfaL,2340417,-0.0055027079,Cell wall/membrane/envelope biogenesis,#c71585,
b2234,nrdA,2344865,0.0046076838,Nucleotide transport and metabolism,#00bfbf,
b2235,nrdB,2347384,0.005727838900000001,Nucleotide transport and metabolism,#00bfbf,
b2236,yfaE,2348514,-0.0002411572,Energy production and conversion,#90ee90,
b2237,inaA,2348822,0.0123180413,Signal transduction mechanisms,#00ff00,
b2238,yfaH,2349687,0.0035173371,Transcription,#f4a460,
b2239,glpQ,2349935,0.0060473284,Energy production and conversion,#90ee90,
b2240,glpT,2351016,-0.0152885202,Inorganic ion transport and metabolism,#0000ff,
b2241,glpA,2352647,0.0023046202,Energy production and conversion,#90ee90,
b2242,glpB,2354265,-0.0036249704,Energy production and conversion,#90ee90,
b2243,glpC,2355521,0.014119526,Energy production and conversion,#90ee90,
b2244,rpnE,2356904,-0.0040977796,Function unknown,#708090,
b4543,ypaA,2357816,-0.0032503230000000003,Function unknown,#708090,
b2245,yfaU,2358042,0.016974547200000002,Coenzyme transport and metabolism,#008000,
b2246,yfaV,2358863,0.0133363377,Inorganic ion transport and metabolism,#0000ff,
b2247,rhmD,2360209,-0.030659229700000002,Coenzyme transport and metabolism,#008000,
b2248,yfaX,2361429,0.0439579935,Transcription,#f4a460,
b2249,yfaY,2362431,0.0005067580000000001,Function unknown,#708090,
b2250,yfaZ,2363733,0.019266473000000003,Function unknown,#708090,
b2251,nudI,2364554,0.0107052317,"Replication, recombination and repair",#ff00ff,
b2252,ais,2365018,-0.0064306359,Cell wall/membrane/envelope biogenesis,#c71585,
b2253,arnB,2365910,-0.020931252100000002,Cell wall/membrane/envelope biogenesis,#c71585,
b2254,arnC,2367071,0.0027542887,Lipid transport and metabolism,#40e0d0,
b2255,arnA,2368039,-0.0031651621,Lipid transport and metabolism,#40e0d0,
b2256,arnD,2370018,0.0088165835,Carbohydrate transport and metabolism,#ffc0cb,
b2257,arnT,2370908,0.004092967,Lipid transport and metabolism,#40e0d0,
b4544,arnE,2372557,-0.0048237985,Inorganic ion transport and metabolism,#0000ff,
b2258,arnF,2372892,0.0199135755,Inorganic ion transport and metabolism,#0000ff,
b2259,pmrD,2373272,0.0078651782,Function unknown,#708090,
b2260,menE,2373648,0.0034567555000000003,Coenzyme transport and metabolism,#008000,
b2261,menC,2375000,0.012260771,Coenzyme transport and metabolism,#008000,
b2262,menB,2375962,0.0106213703,Coenzyme transport and metabolism,#008000,
b2263,menH,2376834,0.0179474966,Coenzyme transport and metabolism,#008000,
b2264,menD,2377589,0.009830859800000001,Coenzyme transport and metabolism,#008000,
b2265,menF,2379348,-0.0179590876,Coenzyme transport and metabolism,#008000,
b2266,elaB,2380722,-0.006620240800000001,Function unknown,#708090,
b2267,elaA,2381082,-0.0013869854,Function unknown,#708090,
b2268,rbn,2381608,1.98397e-05,Function unknown,#708090,
b2269,elaD,2382713,0.0143474294,"Post-translational modification, protein turnover,and chaperones",#87ceeb,
b2270,yfbK,2383995,0.0031778355,Function unknown,#708090,
b2271,yfbL,2385860,0.0229564386,Function unknown,#708090,
b2272,yfbM,2386934,0.030917849900000002,Function unknown,#708090,
b2273,yfbN,2387710,0.0023933041,No COG annotation,#87cefa,
b2274,yfbO,2388635,0.0051443157,No COG annotation,#87cefa,
b2275,yfbP,2389116,-0.0081856042,Function unknown,#708090,
b2276,nuoN,2390048,-0.0039189077,Energy production and conversion,#90ee90,
b2277,nuoM,2391512,-0.0010094811,Energy production and conversion,#90ee90,
b2278,nuoL,2393205,-0.0001963175,Energy production and conversion,#90ee90,
b2279,nuoK,2395043,-0.0135738668,Energy production and conversion,#90ee90,
b2280,nuoJ,2395342,0.008474289000000001,Energy production and conversion,#90ee90,
b2281,nuoI,2395908,0.005775542900000001,Energy production and conversion,#90ee90,
b2282,nuoH,2396465,0.0056056265000000004,Energy production and conversion,#90ee90,
b2283,nuoG,2397439,-0.0024364461,Energy production and conversion,#90ee90,
b2284,nuoF,2400218,-0.0103319437,Energy production and conversion,#90ee90,
b2285,nuoE,2401552,-0.0142441467,Energy production and conversion,#90ee90,
b2286,nuoC,2402055,-0.008918518,Energy production and conversion,#90ee90,
b2287,nuoB,2403951,-0.0018529217,Energy production and conversion,#90ee90,
b2288,nuoA,2404629,0.0089103138,Energy production and conversion,#90ee90,
b2289,lrhA,2405703,-0.0019549317000000003,Transcription,#f4a460,
b2290,alaA,2407561,-0.020919539900000002,Amino acid transport and metabolism,#ff0000,
b2291,yfbR,2408862,6.86844e-05,Nucleotide transport and metabolism,#00bfbf,
b2292,yfbS,2409520,-0.00721736,Inorganic ion transport and metabolism,#0000ff,
b2293,hxpA,2411439,0.013872944000000002,Function unknown,#708090,
b2294,yfbU,2412100,0.0082727455,Function unknown,#708090,
b2295,yfbV,2412677,-0.004979613,Function unknown,#708090,
b2296,ackA,2413470,-0.0010145358,Nucleotide transport and metabolism,#00bfbf,
b2297,pta,2414747,0.00880359,Energy production and conversion,#90ee90,
b2298,yfcC,2417081,-0.0112463758,Function unknown,#708090,
b2299,yfcD,2418634,-0.0008950685,Lipid transport and metabolism,#40e0d0,
b2300,yfcE,2419234,0.0009641906000000001,Function unknown,#708090,
b2301,yfcF,2419841,-0.0033348294000000002,"Post-translational modification, protein turnover,and chaperones",#87ceeb,
b2302,yfcG,2420621,0.0197069895,"Post-translational modification, protein turnover,and chaperones",#87ceeb,
b2303,folX,2421325,-0.0072013244,Coenzyme transport and metabolism,#008000,
b2304,yfcH,2421708,-0.0071314029,Function unknown,#708090,
b2305,rpnB,2422649,0.0096339501,Function unknown,#708090,
b2306,hisP,2423736,-0.0022678928,Inorganic ion transport and metabolism,#0000ff,
b2307,hisM,2424517,0.0159178724,Amino acid transport and metabolism,#ff0000,
b2308,hisQ,2425230,0.024918165500000002,Inorganic ion transport and metabolism,#0000ff,
b2309,hisJ,2426006,-0.0025394456,Amino acid transport and metabolism,#ff0000,
b2310,argT,2427009,0.0176351413,Amino acid transport and metabolism,#ff0000,
b2311,ubiX,2428057,-0.010507207400000001,Coenzyme transport and metabolism,#008000,
b2312,purF,2428721,-0.0016508721,Nucleotide transport and metabolism,#00bfbf,
b2313,cvpA,2430275,0.0010335828,Function unknown,#708090,
b2314,dedD,2431022,0.0112798366,"Cell cycle control, cell division, chromosome partitioning",#bfbf00,
b2315,folC,2431674,0.0060309709,Coenzyme transport and metabolism,#008000,
b2316,accD,2433012,-0.0002942721,Lipid transport and metabolism,#40e0d0,
b2317,dedA,2434082,0.009024075500000001,Function unknown,#708090,
b2318,truA,2434824,-0.0141047753,"Translation, ribosomal structure and biogenesis",#000000,
b2319,usg,2435636,0.0008412717,Amino acid transport and metabolism,#ff0000,
b2320,pdxB,2436715,-0.0033574479000000003,Coenzyme transport and metabolism,#008000,
b2321,flk,2437950,-0.0011157993,Cell motility,#da70d6,
b2322,yfcJ,2438942,0.0072971626000000005,Amino acid transport and metabolism,#ff0000,
b2323,fabB,2440385,-0.0043364473,Lipid transport and metabolism,#40e0d0,
b2324,mnmC,2441764,0.0022949002,"Translation, ribosomal structure and biogenesis",#000000,
b2325,yfcL,2443891,-0.0041983296,Function unknown,#708090,
b2326,epmC,2444203,0.0074317582,Function unknown,#708090,
b2327,yfcA,2444751,0.006909694300000001,Function unknown,#708090,
b2328,mepA,2445560,-0.0035538464,Cell wall/membrane/envelope biogenesis,#c71585,
b2329,aroC,2446388,-0.0033646607,Amino acid transport and metabolism,#ff0000,
b2330,prmB,2447508,-0.0037755193000000003,"Translation, ribosomal structure and biogenesis",#000000,
b2331,smrB,2448606,0.0008510003000000001,Function unknown,#708090,
b2332,yfcO,2449228,-0.0179131797,Function unknown,#708090,
b2333,yfcP,2450051,-0.0253791635,Cell motility,#da70d6,
b2334,yfcQ,2450587,0.0037571405,Cell motility,#da70d6,
b2335,yfcR,2451072,0.0064438493,Cell motility,#da70d6,
b4661,yfcU,2452356,-0.0053549824000000005,Cell motility,#da70d6,
b2340,sixA,2456327,-0.0123916662,Signal transduction mechanisms,#00ff00,
b2341,fadJ,2457015,-0.0007365883,Lipid transport and metabolism,#40e0d0,
b2342,fadI,2459159,0.0021295406000000003,Lipid transport and metabolism,#40e0d0,
b2343,yfcZ,2460650,-0.0059230507,Function unknown,#708090,
b2344,fadL,2461306,-0.020322931500000002,Cell wall/membrane/envelope biogenesis,#c71585,
b2345,yfdF,2463012,0.0015683984,No COG annotation,#87cefa,
b2346,mlaA,2464252,0.0053594645,Cell wall/membrane/envelope biogenesis,#c71585,
b2347,yfdC,2465301,0.0030574304,Inorganic ion transport and metabolism,#0000ff,
b2349,intS,2466545,-0.0051895674,"Replication, recombination and repair",#ff00ff,
b2350,yfdG,2467855,0.0028604804,"Intracellular trafficking, secretion, and vesicular transport",#8b4513,
b2351,yfdH,2468214,0.0122078685,Cell wall/membrane/envelope biogenesis,#c71585,
b2352,yfdI,2469131,-0.0019465010000000002,No COG annotation,#87cefa,
b2354,yfdK,2471077,-0.0009498582,Function unknown,#708090,
b2355,yfdL,2471544,-0.0049547024,No COG annotation,#87cefa,
b2360,yfdQ,2474032,0.0006498062,Function unknown,#708090,
b2362,yfdS,2475511,0.0222852355,Function unknown,#708090,
b2363,yfdT,2475873,-0.0201194448,No COG annotation,#87cefa,
b4501,torI,2476310,-0.0070327537,Transcription,#f4a460,
b2364,dsdC,2476694,-0.0036735956,Transcription,#f4a460,
b2365,dsdX,2477847,-0.0129373409,Inorganic ion transport and metabolism,#0000ff,
b2366,dsdA,2479202,0.006821738700000001,Amino acid transport and metabolism,#ff0000,
b2367,emrY,2480638,0.0044356106,Amino acid transport and metabolism,#ff0000,
b2368,emrK,2482176,-0.0360492896,Defense mechanisms,#d3d3d3,
b2369,evgA,2483755,-8.06739e-05,Transcription,#f4a460,
b2370,evgS,2484374,0.019490370400000002,Signal transduction mechanisms,#00ff00,
b2371,yfdE,2488023,0.010429869900000001,Energy production and conversion,#90ee90,
b2372,yfdV,2489242,0.0158222504,"Intracellular trafficking, secretion, and vesicular transport",#8b4513,
b2373,oxc,2490256,0.0039046877000000002,Amino acid transport and metabolism,#ff0000,
b2374,frc,2492004,-0.008533092800000001,Energy production and conversion,#90ee90,
b2375,yfdX,2493767,-0.0196598543,Function unknown,#708090,
b2376,ypdI,2494698,-0.0073251087,No COG annotation,#87cefa,
b2377,yfdY,2495050,-0.0048500637,Function unknown,#708090,
b2378,lpxP,2495645,0.024931265100000002,Cell wall/membrane/envelope biogenesis,#c71585,
b2379,alaC,2497057,0.0168004682,Amino acid transport and metabolism,#ff0000,
b2380,ypdA,2498671,0.000270448,Signal transduction mechanisms,#00ff00,
b2381,pyrR,2500383,-0.0187187664,Transcription,#f4a460,
b2382,ypdC,2501130,-0.0007911581000000001,Transcription,#f4a460,
b2383,fryA,2501990,0.0077490963,Carbohydrate transport and metabolism,#ffc0cb,
b2384,ypdE,2504510,0.0003603805,Carbohydrate transport and metabolism,#ffc0cb,
b2385,ypdF,2505547,0.015509059300000001,Amino acid transport and metabolism,#ff0000,
b2386,fryC,2506647,0.0138791213,Carbohydrate transport and metabolism,#ffc0cb,
b2387,fryB,2507916,0.0060493304000000005,Carbohydrate transport and metabolism,#ffc0cb,
b2388,glk,2508461,-0.0008625963000000001,Nucleotide transport and metabolism,#00bfbf,
b2389,yfeO,2509630,-0.005320455,Inorganic ion transport and metabolism,#0000ff,
b2390,ypeC,2511001,0.011126170500000001,Function unknown,#708090,
b2392,mntH,2511468,0.0014448969,Inorganic ion transport and metabolism,#0000ff,
b2393,nupC,2513042,0.0091140593,"Intracellular trafficking, secretion, and vesicular transport",#8b4513,
b2394,insL-3,2514331,-3.34411e-05,"Replication, recombination and repair",#ff00ff,
b2395,pdeA,2515643,0.0002775601,Signal transduction mechanisms,#00ff00,
b2398,yfeC,2518467,0.0034566476,"Replication, recombination and repair",#ff00ff,
b2399,yfeD,2518813,0.011224468100000001,"Replication, recombination and repair",#ff00ff,
b2400,gltX,2519257,-0.0046844156,"Translation, ribosomal structure and biogenesis",#000000,
b2405,xapR,2521593,0.007517847,Transcription,#f4a460,
b2406,xapB,2522729,-0.0109878766,Carbohydrate transport and metabolism,#ffc0cb,
b2407,xapA,2524045,0.014021047100000001,Nucleotide transport and metabolism,#00bfbf,
b2408,yfeN,2525127,0.012847049400000001,Function unknown,#708090,
b2409,yfeR,2525930,0.0066174207,Transcription,#f4a460,
b2410,yfeH,2526946,0.0197690044,Function unknown,#708090,
b4546,ypeB,2527941,0.0058028506,Function unknown,#708090,
b2411,ligA,2528161,-0.0026459275,"Replication, recombination and repair",#ff00ff,
b2412,zipA,2530247,-0.0039072357,"Cell cycle control, cell division, chromosome partitioning",#bfbf00,
b2413,cysZ,2531463,-0.0064905485,Amino acid transport and metabolism,#ff0000,
b2414,cysK,2532409,0.0016733619,Amino acid transport and metabolism,#ff0000,
b2415,ptsH,2533764,0.0072330852,Carbohydrate transport and metabolism,#ffc0cb,
b2416,ptsI,2534066,-0.0268995819,Carbohydrate transport and metabolism,#ffc0cb,
b2417,crr,2535834,0.0047960234,Carbohydrate transport and metabolism,#ffc0cb,
b2418,pdxK,2536386,0.0092863805,Coenzyme transport and metabolism,#008000,
b2419,yfeK,2537342,0.0028360743,Function unknown,#708090,
b2420,yfeS,2537749,0.0029432401,Function unknown,#708090,
b2421,cysM,2538672,0.0106159041,Amino acid transport and metabolism,#ff0000,
b2422,cysA,2539717,-0.0034284956,Inorganic ion transport and metabolism,#0000ff,
b2423,cysW,2540804,-0.0037018707,Inorganic ion transport and metabolism,#0000ff,
b2424,cysU,2541679,0.0265748138,Inorganic ion transport and metabolism,#0000ff,
b2425,cysP,2542512,0.007021215900000001,Inorganic ion transport and metabolism,#0000ff,
b2426,ucpA,2543832,-0.0057828723,Lipid transport and metabolism,#40e0d0,
b2427,murR,2544752,-0.0017728992000000002,Transcription,#f4a460,
b2428,murQ,2545773,0.013425871300000001,Function unknown,#708090,
b2429,murP,2546673,0.007686558400000001,Carbohydrate transport and metabolism,#ffc0cb,
b2430,yfeW,2548102,0.0053952879,Defense mechanisms,#d3d3d3,
b2431,yfeX,2549646,-0.0005561988,Inorganic ion transport and metabolism,#0000ff,
b2432,yfeY,2550641,-0.0092323885,Function unknown,#708090,
b2433,yfeZ,2551277,-0.0098440275,Function unknown,#708090,
b2434,ypeA,2551713,0.0062202548,Transcription,#f4a460,
b2435,amiA,2552352,-0.0127480214,Cell wall/membrane/envelope biogenesis,#c71585,
b2436,hemF,2553225,-0.0024676570000000003,Coenzyme transport and metabolism,#008000,
b2437,eutR,2554130,-0.022553682000000002,Transcription,#f4a460,
b2438,eutK,2555228,3.3800000000000002e-06,Energy production and conversion,#90ee90,
b2439,eutL,2555741,0.0120676541,Amino acid transport and metabolism,#ff0000,
b2440,eutC,2556410,-0.0005770179000000001,Amino acid transport and metabolism,#ff0000,
b2441,eutB,2557318,0.0175408176,Amino acid transport and metabolism,#ff0000,
b2442,intZ,2558858,-0.0040115761,"Replication, recombination and repair",#ff00ff,
b2443,yffL,2560257,-0.0034922831,No COG annotation,#87cefa,
b2444,yffM,2561368,-0.0378726724,No COG annotation,#87cefa,
b2446,yffO,2562111,-0.006345452200000001,No COG annotation,#87cefa,
b2447,yffP,2562524,-0.0057704698000000006,No COG annotation,#87cefa,
b2448,yffQ,2563592,-0.0028230877,No COG annotation,#87cefa,
b2449,yffR,2563980,-0.0021928428000000002,No COG annotation,#87cefa,
b2450,yffS,2564523,-0.0005199967,No COG annotation,#87cefa,
b2451,eutA,2565481,-0.0190173714,Amino acid transport and metabolism,#ff0000,
b2452,eutH,2566881,0.0112640081,Amino acid transport and metabolism,#ff0000,
b2453,eutG,2568324,0.0143924933,Energy production and conversion,#90ee90,
b2454,eutJ,2569501,0.0153566664,Amino acid transport and metabolism,#ff0000,
b2455,eutE,2570348,-0.01024275,Energy production and conversion,#90ee90,
b2457,eutM,2572157,0.039940709500000005,Energy production and conversion,#90ee90,
b2458,eutD,2572489,-0.022739938600000002,Energy production and conversion,#90ee90,
b2459,eutT,2573502,0.00043499550000000004,Nucleotide transport and metabolism,#00bfbf,
b2460,eutQ,2574302,-0.042998679500000005,Amino acid transport and metabolism,#ff0000,
b2461,eutP,2574978,-0.021052934500000002,Amino acid transport and metabolism,#ff0000,
b2463,maeB,2576098,-0.014330540000000001,Energy production and conversion,#90ee90,
b2464,talA,2578666,-0.0044675168,Nucleotide transport and metabolism,#00bfbf,
b2465,tktB,2579636,-0.0014095584000000001,Carbohydrate transport and metabolism,#ffc0cb,
b2466,ypfG,2581734,0.000785085,Function unknown,#708090,
b2467,nudK,2582903,0.0008124226,"Replication, recombination and repair",#ff00ff,
b2468,aegA,2583546,-0.016432373400000002,Energy production and conversion,#90ee90,
b2469,narQ,2585731,-0.0127085607,Signal transduction mechanisms,#00ff00,
b2470,acrD,2587595,-0.0091628917,"Intracellular trafficking, secretion, and vesicular transport",#8b4513,
b2471,yffB,2591247,-0.006391443100000001,Inorganic ion transport and metabolism,#0000ff,
b2472,dapE,2591607,-0.0024312314,Amino acid transport and metabolism,#ff0000,
b4547,ypfN,2592762,-0.0088010285,Function unknown,#708090,
b2473,ypfH,2593072,0.0037340236,Function unknown,#708090,
b2474,tmcA,2593844,0.0013885311,"Translation, ribosomal structure and biogenesis",#000000,
b2475,ypfJ,2595874,0.0020363773,Function unknown,#708090,
b2476,purC,2596905,-0.0054696325,Nucleotide transport and metabolism,#00bfbf,
b2477,bamC,2597831,-0.012298485900000001,Cell wall/membrane/envelope biogenesis,#c71585,
b2478,dapA,2598882,-0.0039974627,Amino acid transport and metabolism,#ff0000,
b2479,gcvR,2599906,0.0009426375,Transcription,#f4a460,
b2480,bcp,2600478,-0.0015024759,"Post-translational modification, protein turnover,and chaperones",#87ceeb,
b2481,hyfA,2601201,0.0055488964,Energy production and conversion,#90ee90,
b2482,hyfB,2601818,-0.028591132000000002,Energy production and conversion,#90ee90,
b2483,hyfC,2603847,-0.0150161192,Energy production and conversion,#90ee90,
b2484,hyfD,2604811,0.0161299993,Energy production and conversion,#90ee90,
b2485,hyfE,2606262,-0.0135460762,Energy production and conversion,#90ee90,
b2486,hyfF,2606917,0.015916988,Energy production and conversion,#90ee90,
b2487,hyfG,2608487,-0.0075594642,Energy production and conversion,#90ee90,
b2488,hyfH,2610164,0.0521884523,Energy production and conversion,#90ee90,
b2489,hyfI,2610706,-0.006102949900000001,Energy production and conversion,#90ee90,
b2490,hyfJ,2611457,0.0257057831,Amino acid transport and metabolism,#ff0000,
b2491,hyfR,2611900,-0.0126501576,Transcription,#f4a460,
b2492,focB,2613934,0.0163074331,Inorganic ion transport and metabolism,#0000ff,
b2493,yfgO,2614820,0.0031828285,Function unknown,#708090,
b2494,bepA,2616094,0.011152512600000001,Function unknown,#708090,
b2495,yfgD,2617578,0.0188577696,Inorganic ion transport and metabolism,#0000ff,
b2496,hda,2618075,0.0014364802,"Translation, ribosomal structure and biogenesis",#000000,
b2497,uraA,2618871,0.012627114,Nucleotide transport and metabolism,#00bfbf,
b2498,upp,2620246,-0.0008022361,Nucleotide transport and metabolism,#00bfbf,
b2499,purM,2621197,-0.0063561662,Nucleotide transport and metabolism,#00bfbf,
b2500,purN,2622234,-0.0023433009000000003,Nucleotide transport and metabolism,#00bfbf,
b2501,ppk,2623044,-0.0043917694,Nucleotide transport and metabolism,#00bfbf,
b2502,ppx,2625115,-0.0010434033000000001,Nucleotide transport and metabolism,#00bfbf,
b2503,pdeF,2626695,-0.0044897244,Signal transduction mechanisms,#00ff00,
b2504,yfgG,2629290,-0.0148599323,Function unknown,#708090,
b2505,yfgH,2629792,-0.041146491800000004,Cell wall/membrane/envelope biogenesis,#c71585,
b2506,yfgI,2630326,-0.0068335714,Function unknown,#708090,
b2507,guaA,2630958,0.0020287523,Nucleotide transport and metabolism,#00bfbf,
b2508,guaB,2632604,-0.003963516,Nucleotide transport and metabolism,#00bfbf,
b2509,xseA,2634232,-0.0130268766,"Replication, recombination and repair",#ff00ff,
b2510,yfgJ,2635599,0.002361792,Function unknown,#708090,
b2511,der,2635884,-0.0022135175,"Translation, ribosomal structure and biogenesis",#000000,
b2512,bamB,2637474,-0.0018682691000000001,Cell wall/membrane/envelope biogenesis,#c71585,
b2513,yfgM,2638663,-0.0009304517,Function unknown,#708090,
b2514,hisS,2639301,-0.0044256662,"Translation, ribosomal structure and biogenesis",#000000,
b2515,ispG,2640686,0.0045167737,Lipid transport and metabolism,#40e0d0,
b2516,rodZ,2641831,-0.0016104915,Function unknown,#708090,
b2517,rlmN,2643129,0.0149682639,"Translation, ribosomal structure and biogenesis",#000000,
b2518,ndk,2644433,-0.0047316937,Nucleotide transport and metabolism,#00bfbf,
b2519,pbpC,2645013,-0.0024783823,Cell wall/membrane/envelope biogenesis,#c71585,
b2520,yfhM,2647326,0.006955432100000001,Function unknown,#708090,
b2521,sseA,2652494,-0.0035633075,Inorganic ion transport and metabolism,#0000ff,
b2522,sseB,2654157,0.0007272159,Function unknown,#708090,
b2523,pepB,2655075,-0.0049822225,Amino acid transport and metabolism,#ff0000,
b2524,iscX,2656536,0.0016494951,Function unknown,#708090,
b2525,fdx,2656748,0.0013515233,Energy production and conversion,#90ee90,
b2526,hscA,2657085,-0.0066526452000000005,"Post-translational modification, protein turnover,and chaperones",#87ceeb,
b2527,hscB,2658952,0.0104450179,"Post-translational modification, protein turnover,and chaperones",#87ceeb,
b2528,iscA,2659563,0.0099735437,Function unknown,#708090,
b2529,iscU,2659903,0.0045819595,Energy production and conversion,#90ee90,
b2530,iscS,2660317,-0.0002997419,Amino acid transport and metabolism,#ff0000,
b2531,iscR,2661643,0.0024480239,Transcription,#f4a460,
b2532,trmJ,2662583,-0.0045914377,"Translation, ribosomal structure and biogenesis",#000000,
b2533,suhB,2663442,0.011867639000000001,Carbohydrate transport and metabolism,#ffc0cb,
b2534,yfhR,2664390,0.018876532,Function unknown,#708090,
b2535,csiE,2665435,0.0093185647,Transcription,#f4a460,
b2536,hcaT,2666707,0.0052496777,Amino acid transport and metabolism,#ff0000,
b2537,hcaR,2668006,-0.0089418211,Transcription,#f4a460,
b2538,hcaE,2669032,-0.0025257005000000003,Inorganic ion transport and metabolism,#0000ff,
b2539,hcaF,2670390,0.0109440851,"Secondary metabolites biosynthesis, transport, and catabolism",#1e90ff,
b2540,hcaC,2670908,-0.0158854415,Inorganic ion transport and metabolism,#0000ff,
b2541,hcaB,2671225,-0.023498208700000002,Lipid transport and metabolism,#40e0d0,
b2542,hcaD,2672047,-0.0151738657,Inorganic ion transport and metabolism,#0000ff,
b2543,yphA,2673346,0.0054285022,Function unknown,#708090,
b2544,yphB,2673816,-0.0142016238,Carbohydrate transport and metabolism,#ffc0cb,
b2545,yphC,2674700,-0.0134949111,Amino acid transport and metabolism,#ff0000,
b2546,yphD,2675827,-0.0335334949,Carbohydrate transport and metabolism,#ffc0cb,
b2547,yphE,2676850,0.0021110811,Inorganic ion transport and metabolism,#0000ff,
b2548,yphF,2678384,0.0096566907,Carbohydrate transport and metabolism,#ffc0cb,
b2549,yphG,2679464,-0.0106026103,Function unknown,#708090,
b2550,yphH,2682863,-0.00026891240000000003,Transcription,#f4a460,
b2551,glyA,2684254,0.0023497493,Amino acid transport and metabolism,#ff0000,
b2552,hmp,2685835,0.0110978315,Energy production and conversion,#90ee90,
b2553,glnB,2687070,0.015530957500000001,Transcription,#f4a460,
b2554,glrR,2687469,0.008605938,Transcription,#f4a460,
b2555,qseG,2688793,-0.0093794303,Cell motility,#da70d6,
b2556,glrK,2689671,-0.0046813078,Signal transduction mechanisms,#00ff00,
b2557,purL,2691656,-0.0014463298000000002,Nucleotide transport and metabolism,#00bfbf,
b2558,mltF,2695801,0.0020910194,Cell wall/membrane/envelope biogenesis,#c71585,
b2559,tadA,2697354,-0.0007590019,Nucleotide transport and metabolism,#00bfbf,
b2560,pgpC,2697915,0.0022581282,Amino acid transport and metabolism,#ff0000,
b2561,yfhH,2698759,0.0194902518,Transcription,#f4a460,
b2562,yfhL,2699663,-0.010290349,Energy production and conversion,#90ee90,
b2563,acpS,2700618,-0.0127080852,Lipid transport and metabolism,#40e0d0,
b2564,pdxJ,2700998,0.0028752823,Coenzyme transport and metabolism,#008000,
b2565,recO,2701741,0.008692143900000001,"Replication, recombination and repair",#ff00ff,
b2566,era,2702481,-0.0023480816,Function unknown,#708090,
b2567,rnc,2703383,-0.012091627300000001,"Translation, ribosomal structure and biogenesis",#000000,
b2568,lepB,2704335,-0.0056636364,"Intracellular trafficking, secretion, and vesicular transport",#8b4513,
b2569,lepA,2705325,-0.0050200507000000005,"Translation, ribosomal structure and biogenesis",#000000,
b2570,rseC,2707322,0.0096352686,Signal transduction mechanisms,#00ff00,
b2571,rseB,2707798,-0.0014172517,Signal transduction mechanisms,#00ff00,
b2572,rseA,2708754,0.0011331274,Signal transduction mechanisms,#00ff00,
b2573,rpoE,2709437,0.0011452248,Transcription,#f4a460,
b4725,rseD,2710009,-0.0020267803000000003,No COG annotation,#87cefa,
b2574,nadB,2710420,0.0003514034,Coenzyme transport and metabolism,#008000,
b2575,yfiC,2712027,0.008779575500000001,"Translation, ribosomal structure and biogenesis",#000000,
b2576,srmB,2712896,0.0114178079,Nucleotide transport and metabolism,#00bfbf,
b2577,yfiE,2714439,-0.003696528,Transcription,#f4a460,
b2578,eamB,2715423,0.042648019100000004,"Intracellular trafficking, secretion, and vesicular transport",#8b4513,
b2579,grcA,2716066,0.009737706,Function unknown,#708090,
b2580,ung,2716754,0.0017424247,"Replication, recombination and repair",#ff00ff,
b2581,yfiF,2717491,0.0094873862,"Translation, ribosomal structure and biogenesis",#000000,
b2582,trxC,2718735,0.0032653996,"Post-translational modification, protein turnover,and chaperones",#87ceeb,
b2583,yfiP,2719223,0.0013553821,Function unknown,#708090,
b2584,patZ,2719953,0.0035008873,Energy production and conversion,#90ee90,
b2585,pssA,2722727,-0.0087067671,Lipid transport and metabolism,#40e0d0,
b2586,yfiM,2724128,0.0025613415,Function unknown,#708090,
b2587,kgtP,2724448,0.0041911727,Amino acid transport and metabolism,#ff0000,
b2592,clpB,2731600,-0.0125278942,"Post-translational modification, protein turnover,and chaperones",#87ceeb,
b2593,pgeF,2734303,-0.0009414782,Function unknown,#708090,
b2594,rluD,2735031,-0.007136844900000001,"Translation, ribosomal structure and biogenesis",#000000,
b2595,bamD,2736146,0.0034755631,Cell wall/membrane/envelope biogenesis,#c71585,
b2597,raiA,2737154,0.0367897856,"Translation, ribosomal structure and biogenesis",#000000,
b2599,pheA,2737745,-0.0023089044,Amino acid transport and metabolism,#ff0000,
b2600,tyrA,2738948,0.0060834617,Amino acid transport and metabolism,#ff0000,
b2601,aroF,2740080,-0.0080959505,Amino acid transport and metabolism,#ff0000,
b2602,yfiL,2741360,0.0446998666,Function unknown,#708090,
b2603,yfiR,2741875,0.0123403183,Function unknown,#708090,
b2604,dgcN,2742383,0.0039904179,Signal transduction mechanisms,#00ff00,
b2605,yfiB,2743625,-0.0006306429,Cell wall/membrane/envelope biogenesis,#c71585,
b2606,rplS,2744183,0.0069603726000000005,"Translation, ribosomal structure and biogenesis",#000000,
b2607,trmD,2744572,0.0008176235,"Translation, ribosomal structure and biogenesis",#000000,
b2608,rimM,2745370,-0.0029732859000000003,"Translation, ribosomal structure and biogenesis",#000000,
b2609,rpsP,2745937,-0.0036107544,"Translation, ribosomal structure and biogenesis",#000000,
b2610,ffh,2746434,0.0015038288,"Intracellular trafficking, secretion, and vesicular transport",#8b4513,
b2611,ypjD,2747962,0.0129518058,Function unknown,#708090,
b4461,yfjD,2748774,0.0046295813,Inorganic ion transport and metabolism,#0000ff,
b2614,grpE,2750115,0.008625001200000001,"Post-translational modification, protein turnover,and chaperones",#87ceeb,
b2615,nadK,2750831,-0.0057131565,Nucleotide transport and metabolism,#00bfbf,
b2616,recN,2751795,-0.0102695722,"Replication, recombination and repair",#ff00ff,
b2617,bamE,2753605,0.0089061144,Cell wall/membrane/envelope biogenesis,#c71585,
b2618,yfjF,2754008,-0.0162964569,Function unknown,#708090,
b2619,ratA,2754288,0.005450657,Lipid transport and metabolism,#40e0d0,
b2620,smpB,2754896,0.0024883415,"Translation, ribosomal structure and biogenesis",#000000,
b2622,intA,2756159,0.0092050224,"Replication, recombination and repair",#ff00ff,
b2623,yfjH,2757644,0.0205326126,No COG annotation,#87cefa,
b2625,yfjI,2758985,0.0023922924,Function unknown,#708090,
b2626,yfjJ,2760547,0.0150413073,Function unknown,#708090,
b2627,abpB,2761351,0.0044110172,"Replication, recombination and repair",#ff00ff,
b2628,abpA,2763537,0.010273956400000001,Function unknown,#708090,
b2629,yfjM,2765513,0.0039826837000000006,"Intracellular trafficking, secretion, and vesicular transport",#8b4513,
b2630,rnlA,2765918,-0.0176395693,Function unknown,#708090,
b2631,rnlB,2766984,0.0139658065,Function unknown,#708090,
b2632,yfjP,2767710,-0.0066460255000000005,Function unknown,#708090,
b2633,yfjQ,2768665,-0.00046383730000000003,Function unknown,#708090,
b2634,yfjR,2769703,-0.0150479253,Transcription,#f4a460,
b2635,ypjK,2770445,0.0094935297,No COG annotation,#87cefa,
b2636,yfjS,2770681,-0.0327167354,Transcription,#f4a460,
b2637,yfjT,2771148,-0.0414636173,No COG annotation,#87cefa,
b2638,yfjU,2771840,0.0509095279,Inorganic ion transport and metabolism,#0000ff,
b2641,yfjV,2772167,0.0035945486,No COG annotation,#87cefa,
b2642,yfjW,2773318,0.016895851400000002,No COG annotation,#87cefa,
b2643,yfjX,2775919,-0.017475992000000003,Function unknown,#708090,
b4548,ypjJ,2776877,0.0026364754000000002,Function unknown,#708090,
b2645,yfjZ,2777115,0.0073731934,Function unknown,#708090,
b2646,ypjF,2777453,-0.0009827122,Function unknown,#708090,
b2647,ypjA,2778146,-0.0056006419,Cell wall/membrane/envelope biogenesis,#c71585,
b2648,pinH,2783065,0.0050523969000000005,"Replication, recombination and repair",#ff00ff,
b2649,ypjB,2783638,-0.0026641633000000003,No COG annotation,#87cefa,
b2650,ypjC,2784529,-0.0066871765,No COG annotation,#87cefa,
b4462,ygaQ,2786397,0.0023996261000000002,Carbohydrate transport and metabolism,#ffc0cb,
b2659,csiD,2788985,0.0127190967,Energy production and conversion,#90ee90,
b2660,lhgO,2789982,-0.0024124198,Energy production and conversion,#90ee90,
b2661,gabD,2791273,-0.0062930019,Energy production and conversion,#90ee90,
b2662,gabT,2792735,0.0058152252,Amino acid transport and metabolism,#ff0000,
b2663,gabP,2794253,0.0056516216,Amino acid transport and metabolism,#ff0000,
b2664,glaR,2795674,-0.0172504963,Transcription,#f4a460,
b2665,kbp,2796337,0.0074355565,Function unknown,#708090,
b2666,yqaE,2796870,-0.0093332226,Function unknown,#708090,
b2667,ygaV,2797211,-0.022094334,Transcription,#f4a460,
b2668,ygaP,2797520,0.0007228149,Inorganic ion transport and metabolism,#0000ff,
b2669,stpA,2798091,0.015436883,Transcription,#f4a460,
b2670,alaE,2799164,-0.0022764601,"Intracellular trafficking, secretion, and vesicular transport",#8b4513,
b2671,ygaC,2799650,-0.0119492782,Function unknown,#708090,
b2672,ygaM,2800146,-0.0187487227,Function unknown,#708090,
b2673,nrdH,2800723,-0.004982814,"Post-translational modification, protein turnover,and chaperones",#87ceeb,
b2674,nrdI,2800965,-0.0127777624,Nucleotide transport and metabolism,#00bfbf,
b2675,nrdE,2801348,0.0041376013,Nucleotide transport and metabolism,#00bfbf,
b2676,nrdF,2803502,0.007049906900000001,Nucleotide transport and metabolism,#00bfbf,
b2677,proV,2804815,-0.0032382325,Inorganic ion transport and metabolism,#0000ff,
b2678,proW,2806010,0.0032882147,Inorganic ion transport and metabolism,#0000ff,
b2679,proX,2807132,0.0046443649000000005,Amino acid transport and metabolism,#ff0000,
b2681,ygaY,2808316,-0.014520154200000001,Amino acid transport and metabolism,#ff0000,
b2682,ygaZ,2809617,0.009070352,Amino acid transport and metabolism,#ff0000,
b2683,ygaH,2810344,0.0012562768,Function unknown,#708090,
b2684,mprA,2810770,0.0160774108,Transcription,#f4a460,
b2685,emrA,2811427,-0.008474069,Defense mechanisms,#d3d3d3,
b2686,emrB,2812616,0.003935418,Amino acid transport and metabolism,#ff0000,
b2687,luxS,2814218,0.0010163539,Nucleotide transport and metabolism,#00bfbf,
b2688,gshA,2814883,-0.0042512994,Coenzyme transport and metabolism,#008000,
b2689,yqaA,2816512,-0.0081478327,Function unknown,#708090,
b2690,yqaB,2816937,-0.007705495400000001,Function unknown,#708090,
b2696,csrA,2818961,-0.0144153443,"Translation, ribosomal structure and biogenesis",#000000,
b2697,alaS,2819381,-0.0001824817,"Translation, ribosomal structure and biogenesis",#000000,
b2698,recX,2822139,0.0044749785,Function unknown,#708090,
b2699,recA,2822708,0.0047760925,"Replication, recombination and repair",#ff00ff,
b2700,pncC,2823849,0.0060766858,Function unknown,#708090,
b2701,mltB,2824491,0.010062211100000001,Cell wall/membrane/envelope biogenesis,#c71585,
b2702,srlA,2825832,0.0154624164,Carbohydrate transport and metabolism,#ffc0cb,
b2703,srlE,2826392,0.00043801690000000004,Carbohydrate transport and metabolism,#ffc0cb,
b2704,srlB,2827362,-0.013000220500000001,Carbohydrate transport and metabolism,#ffc0cb,
b2705,srlD,2827737,-0.009244725,Lipid transport and metabolism,#40e0d0,
b2706,gutM,2828621,-0.0085851685,Transcription,#f4a460,
b2707,srlR,2829047,0.0036455593,Transcription,#f4a460,
b2708,gutQ,2829813,0.0055465301000000005,Nucleotide transport and metabolism,#00bfbf,
b2709,norR,2830775,-0.0010202222,Transcription,#f4a460,
b2710,norV,2832476,-0.0446733699,Energy production and conversion,#90ee90,
b2711,norW,2833912,-0.0071428674,Energy production and conversion,#90ee90,
b2712,hypF,2835173,0.0011434429,"Post-translational modification, protein turnover,and chaperones",#87ceeb,
b2713,hydN,2837578,0.0073459091,Energy production and conversion,#90ee90,
b2714,ascG,2838254,0.0098908274,Transcription,#f4a460,
b2715,ascF,2839524,-0.0038496818,Carbohydrate transport and metabolism,#ffc0cb,
b2716,ascB,2840990,0.0104874832,Carbohydrate transport and metabolism,#ffc0cb,
b2717,hycI,2842573,0.0039333805,Energy production and conversion,#90ee90,
b2718,hycH,2843036,0.0099678677,Amino acid transport and metabolism,#ff0000,
b2719,hycG,2843443,0.0043470945,Energy production and conversion,#90ee90,
b2720,hycF,2844210,0.0080181117,Energy production and conversion,#90ee90,
b2721,hycE,2844762,0.0020602288,Energy production and conversion,#90ee90,
b2722,hycD,2846489,-0.0287518137,Energy production and conversion,#90ee90,
b2723,hycC,2847415,0.0005629444,Energy production and conversion,#90ee90,
b2724,hycB,2849238,-0.0266198059,Energy production and conversion,#90ee90,
b2725,hycA,2849974,0.009885126900000001,Transcription,#f4a460,
b2726,hypA,2850647,0.019185626100000002,Function unknown,#708090,
b2727,hypB,2851001,0.0012465587,Transcription,#f4a460,
b2728,hypC,2851864,0.0018922109000000002,"Post-translational modification, protein turnover,and chaperones",#87ceeb,
b2729,hypD,2852136,0.0039986591,"Post-translational modification, protein turnover,and chaperones",#87ceeb,
b2730,hypE,2853254,4.83254e-05,"Post-translational modification, protein turnover,and chaperones",#87ceeb,
b2731,fhlA,2854338,0.0131957285,Transcription,#f4a460,
b2732,ygbA,2856453,0.0009085358000000001,Function unknown,#708090,
b2733,mutS,2857093,-0.0039847295,"Replication, recombination and repair",#ff00ff,
b2734,pphB,2859760,-0.0039119944,Signal transduction mechanisms,#00ff00,
b2735,ygbI,2860467,0.0037981458,Transcription,#f4a460,
b2736,ygbJ,2861430,-3.3671e-06,Lipid transport and metabolism,#40e0d0,
b2737,ygbK,2862335,0.0067168307,Function unknown,#708090,
b2738,ygbL,2863593,-0.004398385800000001,Carbohydrate transport and metabolism,#ffc0cb,
b2739,ygbM,2864236,-0.0200953039,Carbohydrate transport and metabolism,#ffc0cb,
b2740,ygbN,2865101,0.0063694243,Amino acid transport and metabolism,#ff0000,
b2741,rpoS,2866559,-0.0060489996,Transcription,#f4a460,
b2742,nlpD,2867614,-0.0063261964,"Cell cycle control, cell division, chromosome partitioning",#bfbf00,
b2743,pcm,2868893,-0.0075125569,"Translation, ribosomal structure and biogenesis",#000000,
b2744,umpG,2869513,0.0023702353,Nucleotide transport and metabolism,#00bfbf,
b2745,truD,2870255,0.0110135844,"Translation, ribosomal structure and biogenesis",#000000,
b2746,ispF,2871301,0.012594142800000001,Lipid transport and metabolism,#40e0d0,
b2747,ispD,2871780,-0.0071196259,Lipid transport and metabolism,#40e0d0,
b2748,ftsB,2872509,-0.0087295021,"Cell cycle control, cell division, chromosome partitioning",#bfbf00,
b2749,ygbE,2873014,-0.0181109037,Function unknown,#708090,
b2750,cysC,2873387,-9.5946e-06,Nucleotide transport and metabolism,#00bfbf,
b2751,cysN,2873992,-0.0056886383,Coenzyme transport and metabolism,#008000,
b2752,cysD,2875421,-0.0027310522,Coenzyme transport and metabolism,#008000,
b2753,iap,2876581,-0.0153225882,Function unknown,#708090,
b2754,cas2,2878569,0.039953836300000004,"Replication, recombination and repair",#ff00ff,
b2755,cas1,2878855,0.0086179268,"Replication, recombination and repair",#ff00ff,
b2756,casE,2879788,-0.0110416166,"Translation, ribosomal structure and biogenesis",#000000,
b2757,casD,2880374,-0.0096662433,"Translation, ribosomal structure and biogenesis",#000000,
b2758,casC,2881051,0.0168896963,"Replication, recombination and repair",#ff00ff,
b2759,casB,2882155,0.0030870669,"Replication, recombination and repair",#ff00ff,
b2760,casA,2882630,-0.0006646427,Function unknown,#708090,
b2761,cas3,2884553,0.0022758618,"Replication, recombination and repair",#ff00ff,
b2762,cysH,2887578,-0.0008312379000000001,Amino acid transport and metabolism,#ff0000,
b2763,cysI,2888387,-0.0016943099,Coenzyme transport and metabolism,#008000,
b2764,cysJ,2890099,-0.0144433479,Amino acid transport and metabolism,#ff0000,
b2765,queD,2892214,0.0110619062,Nucleotide transport and metabolism,#00bfbf,
b2766,ygcN,2892657,0.0130438446,Energy production and conversion,#90ee90,
b2767,ygcO,2893919,-0.0294592701,Energy production and conversion,#90ee90,
b2768,ygcP,2894196,0.0241772759,Transcription,#f4a460,
b2769,ygcQ,2894919,0.0289811677,Energy production and conversion,#90ee90,
b2770,ygcR,2895776,0.0005198343,Energy production and conversion,#90ee90,
b2771,ygcS,2896533,-0.0083853252,Inorganic ion transport and metabolism,#0000ff,
b4463,ygcU,2897964,-0.0105194404,Energy production and conversion,#90ee90,
b2774,ygcW,2899488,-0.0112081588,Lipid transport and metabolism,#40e0d0,
b2775,yqcE,2900592,0.00017379640000000002,Inorganic ion transport and metabolism,#0000ff,
b2776,ygcE,2901896,-0.0109836662,Carbohydrate transport and metabolism,#ffc0cb,
b2777,queE,2904747,-0.0107162792,Nucleotide transport and metabolism,#00bfbf,
b4682,yqcG,2905557,-0.0184375945,No COG annotation,#87cefa,
b2778,ygcG,2905711,0.0046337972,Function unknown,#708090,
b2779,eno,2906643,-0.0053389779,Nucleotide transport and metabolism,#00bfbf,
b2780,pyrG,2908029,-0.0032730847,Nucleotide transport and metabolism,#00bfbf,
b2781,mazG,2909894,0.013020752,Nucleotide transport and metabolism,#00bfbf,
b2782,mazF,2910756,0.0066457121,Signal transduction mechanisms,#00ff00,
b2783,mazE,2911091,0.0161438951,Transcription,#f4a460,
b2784,relA,2911417,0.0046324136,Nucleotide transport and metabolism,#00bfbf,
b2785,rlmD,2913699,0.0061424249,"Translation, ribosomal structure and biogenesis",#000000,
b2786,barA,2915057,0.0101288833,Signal transduction mechanisms,#00ff00,
b2787,gudD,2918045,-0.0010184751,Cell wall/membrane/envelope biogenesis,#c71585,
b2788,gudX,2919406,0.0428111146,Cell wall/membrane/envelope biogenesis,#c71585,
b2789,gudP,2920748,-0.0143553618,Inorganic ion transport and metabolism,#0000ff,
b2790,yqcA,2922535,0.0049795306000000004,Energy production and conversion,#90ee90,
b2791,truC,2923002,0.0053049751000000004,"Translation, ribosomal structure and biogenesis",#000000,
b2792,yqcC,2923784,0.011427349100000001,Function unknown,#708090,
b2793,syd,2924735,-0.0010639236,Function unknown,#708090,
b2794,queF,2925348,-0.0029537228,Nucleotide transport and metabolism,#00bfbf,
b2795,ppnN,2926308,0.0180388951,Function unknown,#708090,
b2796,sdaC,2928229,-0.0148018635,Amino acid transport and metabolism,#ff0000,
b2797,sdaB,2929576,0.0038226609,Amino acid transport and metabolism,#ff0000,
b2798,ygdG,2931055,-0.0314099718,"Replication, recombination and repair",#ff00ff,
b2799,fucO,2931865,-0.006168371000000001,Energy production and conversion,#90ee90,
b2800,fucA,2933041,-0.0066125569,Carbohydrate transport and metabolism,#ffc0cb,
b2801,fucP,2934235,-0.0117216278,Inorganic ion transport and metabolism,#0000ff,
b2802,fucI,2935584,-0.0075096671,Carbohydrate transport and metabolism,#ffc0cb,
b2803,fucK,2937468,0.012143596900000001,Nucleotide transport and metabolism,#00bfbf,
b2804,fucU,2938888,0.0086547385,Carbohydrate transport and metabolism,#ffc0cb,
b2805,fucR,2939368,0.0086658618,Transcription,#f4a460,
b2806,rlmM,2940143,-0.0014260275,"Translation, ribosomal structure and biogenesis",#000000,
b2807,ygdD,2941236,-0.0002947192,Function unknown,#708090,
b2808,gcvA,2941650,0.0085078208,Transcription,#f4a460,
b2809,ygdI,2942918,-0.0074732087,Cell wall/membrane/envelope biogenesis,#c71585,
b2810,csdA,2943337,-0.0026640782,Amino acid transport and metabolism,#ff0000,
b2811,csdE,2944542,0.0075304104000000005,Function unknown,#708090,
b2812,tcdA,2945036,-0.0100639044,Coenzyme transport and metabolism,#008000,
b2813,mltA,2946081,-0.0111331307,Cell wall/membrane/envelope biogenesis,#c71585,
b2817,amiC,2947757,-0.006960345200000001,Cell wall/membrane/envelope biogenesis,#c71585,
b2818,argA,2949242,0.0043538118,Amino acid transport and metabolism,#ff0000,
b2819,recD,2950635,-0.0124690368,"Replication, recombination and repair",#ff00ff,
b2820,recB,2952461,0.011294874600000001,"Replication, recombination and repair",#ff00ff,
b2821,ptrA,2955996,0.0052585923,"Post-translational modification, protein turnover,and chaperones",#87ceeb,
b2822,recC,2959060,-0.0047420186,"Replication, recombination and repair",#ff00ff,
b2823,ppdC,2962441,-0.008685125200000001,Cell motility,#da70d6,
b2824,ygdB,2962749,0.0591891404,Function unknown,#708090,
b2825,ppdB,2963153,0.0106848175,"Intracellular trafficking, secretion, and vesicular transport",#8b4513,
b2826,ppdA,2963707,-0.007368492900000001,Cell motility,#da70d6,
b2827,thyA,2964361,0.0063324838,Nucleotide transport and metabolism,#00bfbf,
b2828,lgt,2965162,0.0024191805,Cell wall/membrane/envelope biogenesis,#c71585,
b2829,ptsP,2966188,0.0054581539,Signal transduction mechanisms,#00ff00,
b2830,rppH,2968447,0.0061525547,"Replication, recombination and repair",#ff00ff,
b4610,ygdT,2969330,0.0074826153,No COG annotation,#87cefa,
b2831,mutH,2969662,-0.0055502991,"Replication, recombination and repair",#ff00ff,
b2832,ygdQ,2970420,-0.0074121965,Inorganic ion transport and metabolism,#0000ff,
b2833,ygdR,2971271,0.0028699258,Function unknown,#708090,
b2834,tas,2971597,0.007376620800000001,Energy production and conversion,#90ee90,
b2835,lplT,2972669,-0.0005136673,Amino acid transport and metabolism,#ff0000,
b2836,aas,2973855,0.0060057039,Lipid transport and metabolism,#40e0d0,
b2837,galR,2976599,-0.00047165950000000004,Transcription,#f4a460,
b2838,lysA,2977637,-0.014953817500000001,Amino acid transport and metabolism,#ff0000,
b2839,lysR,2979021,-0.0025809713,Transcription,#f4a460,
b2840,ygeA,2979943,0.0137022646,Cell wall/membrane/envelope biogenesis,#c71585,
b2841,araE,2980764,0.007184195700000001,Amino acid transport and metabolism,#ff0000,
b2842,kduD,2982497,-0.006384913900000001,Lipid transport and metabolism,#40e0d0,
b2843,kduI,2983288,-0.0035646441,Carbohydrate transport and metabolism,#ffc0cb,
b2844,yqeF,2984411,-0.005657573700000001,Lipid transport and metabolism,#40e0d0,
b2845,yqeG,2985847,-0.0052116194,Amino acid transport and metabolism,#ff0000,
b2846,yqeH,2987536,-0.015921957900000002,Transcription,#f4a460,
b2847,yqeI,2988502,0.0064170517,Transcription,#f4a460,
b2848,yqeJ,2989304,-0.0291107156,No COG annotation,#87cefa,
b2850,ygeF,2990554,-0.0287737032,No COG annotation,#87cefa,
b2851,ygeG,2991268,0.0302004679,Function unknown,#708090,
b2852,ygeH,2992094,-0.0012504008,Transcription,#f4a460,
b2853,ygeI,2993638,-0.0015678621,No COG annotation,#87cefa,
b2858,ygeN,2995314,-0.0090899417,No COG annotation,#87cefa,
b2859,ygeO,2995962,-0.0163059076,No COG annotation,#87cefa,
b2860,insD-4,2996372,0.0027704302,"Replication, recombination and repair",#ff00ff,
b2861,insC-4,2997235,-0.0029230278,"Replication, recombination and repair",#ff00ff,
b2862,ygeP,2997689,-0.0065266876,Carbohydrate transport and metabolism,#ffc0cb,
b2863,ygeQ,2998034,-0.0124722214,Carbohydrate transport and metabolism,#ffc0cb,
b2865,ygeR,2999136,-0.0036582096,Cell wall/membrane/envelope biogenesis,#c71585,
b2866,xdhA,3000345,-0.007170160500000001,Nucleotide transport and metabolism,#00bfbf,
b2867,xdhB,3002614,-0.0173396167,Nucleotide transport and metabolism,#00bfbf,
b2868,xdhC,3003489,-0.0060797189,Nucleotide transport and metabolism,#00bfbf,
b2869,ygeV,3004008,0.00898038,Transcription,#f4a460,
b2870,ygeW,3006262,7.255e-05,Nucleotide transport and metabolism,#00bfbf,
b2871,ygeX,3007510,-0.0041239147,Amino acid transport and metabolism,#ff0000,
b2872,ygeY,3008764,0.0081174546,Amino acid transport and metabolism,#ff0000,
b2873,hyuA,3010028,0.0057047349,Nucleotide transport and metabolism,#00bfbf,
b2874,yqeA,3011461,0.0027638175,Amino acid transport and metabolism,#ff0000,
b2875,yqeB,3012614,0.0054795323,"Post-translational modification, protein turnover,and chaperones",#87ceeb,
b2876,yqeC,3014287,0.0033532123,Cell wall/membrane/envelope biogenesis,#c71585,
b2877,mocA,3015160,0.015260244000000001,Function unknown,#708090,
b2878,ygfK,3016060,0.0056438317,Energy production and conversion,#90ee90,
b2879,ssnA,3019161,0.0056309726,Nucleotide transport and metabolism,#00bfbf,
b2880,ygfM,3020540,0.0010139429,Energy production and conversion,#90ee90,
b2881,xdhD,3021316,0.0063847951,Nucleotide transport and metabolism,#00bfbf,
b2882,xanQ,3024351,0.0294959973,Nucleotide transport and metabolism,#00bfbf,
b2883,guaD,3025766,0.0059860723,Nucleotide transport and metabolism,#00bfbf,
b4464,ghxQ,3027121,-0.0023059248000000003,Function unknown,#708090,
b2886,ygfS,3028524,-0.0516859188,Energy production and conversion,#90ee90,
b2887,ygfT,3029012,0.0074980858,Energy production and conversion,#90ee90,
b2888,uacT,3031367,-0.0039339662,Nucleotide transport and metabolism,#00bfbf,
b4684,yqfG,3032817,0.0003514044,No COG annotation,#87cefa,
b2889,idi,3033065,0.0009684577000000001,Lipid transport and metabolism,#40e0d0,
b2890,lysS,3033657,-2.46947e-05,"Translation, ribosomal structure and biogenesis",#000000,
b2891,prfB,3035184,0.0052365874,"Translation, ribosomal structure and biogenesis",#000000,
b2892,recJ,3036373,-0.0095948162,"Replication, recombination and repair",#ff00ff,
b2893,dsbC,3038112,-0.008462281700000001,"Post-translational modification, protein turnover,and chaperones",#87ceeb,
b2894,xerD,3038847,0.0063896135,"Replication, recombination and repair",#ff00ff,
b2895,fldB,3039855,0.0065120901,Energy production and conversion,#90ee90,
b2896,ygfX,3040416,-0.000837198,Function unknown,#708090,
b2897,sdhE,3040804,-0.0107187012,Function unknown,#708090,
b2898,ygfZ,3041313,0.0018712868,Function unknown,#708090,
b2899,yqfA,3042489,-0.0062012248,Function unknown,#708090,
b2900,yqfB,3043312,0.0035764795,Function unknown,#708090,
b2901,bglA,3043662,0.0021847397,Carbohydrate transport and metabolism,#ffc0cb,
b2902,ygfF,3045158,0.0259947627,Lipid transport and metabolism,#40e0d0,
b2903,gcvP,3046168,0.0022531187,Amino acid transport and metabolism,#ff0000,
b2904,gcvH,3049160,0.0020064701000000002,Amino acid transport and metabolism,#ff0000,
b2905,gcvT,3049573,-0.0028221374000000003,Amino acid transport and metabolism,#ff0000,
b2906,ubiI,3051115,0.0057154679,Energy production and conversion,#90ee90,
b2907,ubiH,3052340,0.00011048110000000001,Energy production and conversion,#90ee90,
b2908,pepP,3053515,0.0059391647,Amino acid transport and metabolism,#ff0000,
b2909,ygfB,3054866,-0.0074918422,Function unknown,#708090,
b2910,zapA,3055612,-0.0015862376,"Cell cycle control, cell division, chromosome partitioning",#bfbf00,
b2912,fau,3056241,-0.0184551162,Coenzyme transport and metabolism,#008000,
b2913,serA,3057178,-0.0114461402,Amino acid transport and metabolism,#ff0000,
b2914,rpiA,3058666,0.0039597884,Carbohydrate transport and metabolism,#ffc0cb,
b2916,argP,3059753,0.0082277932,Transcription,#f4a460,
b2917,scpA,3060850,0.0062841596,Lipid transport and metabolism,#40e0d0,
b2918,argK,3062987,-0.0230909233,Amino acid transport and metabolism,#ff0000,
b2919,scpB,3063993,0.0150838741,Lipid transport and metabolism,#40e0d0,
b2920,scpC,3064802,-0.0084555813,Energy production and conversion,#90ee90,
b2921,ygfI,3066277,-0.011651299700000001,Transcription,#f4a460,
b2922,yggE,3067340,-0.013128290800000001,Function unknown,#708090,
b2923,argO,3068173,-0.0023229223,Function unknown,#708090,
b2924,mscS,3068947,-0.0014826163,Cell wall/membrane/envelope biogenesis,#c71585,
b2925,fbaA,3070165,0.0045471515,Nucleotide transport and metabolism,#00bfbf,
b2926,pgk,3071459,-0.0045798384,Nucleotide transport and metabolism,#00bfbf,
b2927,epd,3072672,-0.0053214915,Coenzyme transport and metabolism,#008000,
b2928,yggC,3073976,0.0040029533,Nucleotide transport and metabolism,#00bfbf,
b2929,fumE,3074686,-0.0034451801,Transcription,#f4a460,
b2930,yggF,3075217,-0.040491375600000004,Carbohydrate transport and metabolism,#ffc0cb,
b4465,yggP,3076179,-0.010131374700000001,Amino acid transport and metabolism,#ff0000,
b2933,cmtA,3077471,-0.0027774783,Carbohydrate transport and metabolism,#ffc0cb,
b2934,cmtB,3078887,0.0118008387,Carbohydrate transport and metabolism,#ffc0cb,
b2935,tktA,3079644,0.0011947287,Carbohydrate transport and metabolism,#ffc0cb,
b2936,loiP,3081913,0.0034550534,"Post-translational modification, protein turnover,and chaperones",#87ceeb,
b2937,speB,3082877,-0.0025821005,Amino acid transport and metabolism,#ff0000,
b2938,speA,3083935,0.0001295559,Coenzyme transport and metabolism,#008000,
b2939,yqgB,3085920,-0.006666445500000001,Function unknown,#708090,
b2940,yqgC,3086187,-0.0184381349,Function unknown,#708090,
b2941,yqgD,3086399,-0.009139134200000001,Function unknown,#708090,
b2942,metK,3086706,-0.0086569733,Coenzyme transport and metabolism,#008000,
b2943,galP,3088284,0.004675729500000001,Amino acid transport and metabolism,#ff0000,
b2944,yggI,3089755,0.0086610673,Function unknown,#708090,
b2945,endA,3090347,0.0017484951000000001,"Replication, recombination and repair",#ff00ff,
b2946,rsmE,3091134,0.0042791599,"Translation, ribosomal structure and biogenesis",#000000,
b2947,gshB,3091878,0.0070238243,Nucleotide transport and metabolism,#00bfbf,
b2948,yqgE,3092937,-0.0072528257,Transcription,#f4a460,
b2949,yqgF,3093500,-0.0135258209,"Translation, ribosomal structure and biogenesis",#000000,
b2950,yggR,3094100,-0.0132995036,Cell motility,#da70d6,
b2951,yggS,3095098,0.0021028963,Function unknown,#708090,
b2952,yggT,3095820,-0.0044427681,Function unknown,#708090,
b2953,yggU,3096383,-0.0113650511,Function unknown,#708090,
b2954,rdgB,3096681,-0.0054324510000000005,Nucleotide transport and metabolism,#00bfbf,
b2955,yggW,3097267,-0.0015846831,Coenzyme transport and metabolism,#008000,
b2956,yggM,3098558,-0.0191809271,Function unknown,#708090,
b2957,ansB,3099682,-0.0107400684,Amino acid transport and metabolism,#ff0000,
b2958,yggN,3100904,0.0096933031,Function unknown,#708090,
b2959,yggL,3101807,0.0001484856,Function unknown,#708090,
b2960,trmI,3102133,-0.0108360622,"Translation, ribosomal structure and biogenesis",#000000,
b2961,mutY,3103013,-0.000792349,"Replication, recombination and repair",#ff00ff,
b2962,yggX,3104093,0.002895776,Energy production and conversion,#90ee90,
b2963,mltC,3104433,0.004461159,Cell wall/membrane/envelope biogenesis,#c71585,
b2964,nupG,3105714,0.0044364952000000004,Carbohydrate transport and metabolism,#ffc0cb,
b2965,speC,3107020,-0.0042423048,Amino acid transport and metabolism,#ff0000,
b2966,yqgA,3109553,-0.0189409514,Function unknown,#708090,
b2968,yghD,3110590,0.0037815452,"Intracellular trafficking, secretion, and vesicular transport",#8b4513,
b2969,yghE,3111128,0.016671213900000002,"Intracellular trafficking, secretion, and vesicular transport",#8b4513,
b2970,yghF,3112054,-0.0073156478,"Intracellular trafficking, secretion, and vesicular transport",#8b4513,
b2971,yghG,3113067,-0.0024775322000000002,Cell wall/membrane/envelope biogenesis,#c71585,
b2972,pppA,3113543,0.012786613700000001,Cell motility,#da70d6,
b4466,yghJ,3114550,-0.0007897075,Cell wall/membrane/envelope biogenesis,#c71585,
b2975,glcA,3119597,-0.0004684856,Inorganic ion transport and metabolism,#0000ff,
b2976,glcB,3121634,0.0032063112,Energy production and conversion,#90ee90,
b2977,glcG,3123827,0.0095275281,Function unknown,#708090,
b4467,glcF,3124236,-0.0085655541,Energy production and conversion,#90ee90,
b4468,glcE,3125470,7.82529e-05,Energy production and conversion,#90ee90,
b2979,glcD,3126522,-0.0054020906,Energy production and conversion,#90ee90,
b2980,glcC,3128272,-0.0161086548,Transcription,#f4a460,
b2981,yghO,3129043,0.0113302091,Transcription,#f4a460,
b2982,insH-9,3130178,-0.0215746344,"Replication, recombination and repair",#ff00ff,
b2983,yghQ,3131341,-0.0009926801,Function unknown,#708090,
b2984,yghR,3132454,-0.010669646100000001,Nucleotide transport and metabolism,#00bfbf,
b2985,yghS,3133244,-0.017221426300000002,Nucleotide transport and metabolism,#00bfbf,
b2986,yghT,3134131,0.0032915938,Nucleotide transport and metabolism,#00bfbf,
b2987,pitB,3134872,0.006003414,Inorganic ion transport and metabolism,#0000ff,
b2988,gss,3136663,-0.0025985167,Amino acid transport and metabolism,#ff0000,
b2989,yghU,3138727,0.0064023764000000006,"Post-translational modification, protein turnover,and chaperones",#87ceeb,
b2990,hybG,3139716,0.0105617919,"Post-translational modification, protein turnover,and chaperones",#87ceeb,
b2991,hybF,3139977,0.0051563205,Function unknown,#708090,
b2992,hybE,3140311,0.0020700254,Energy production and conversion,#90ee90,
b2993,hybD,3140792,-0.0034677293000000002,Energy production and conversion,#90ee90,
b2994,hybC,3141286,0.0100921081,Energy production and conversion,#90ee90,
b2995,hybB,3142986,0.0298710119,Energy production and conversion,#90ee90,
b2996,hybA,3144154,0.0135846951,Energy production and conversion,#90ee90,
b2997,hybO,3145143,0.0162157237,Energy production and conversion,#90ee90,
b2998,yghW,3146450,-0.0195084488,Function unknown,#708090,
b4658,yghX,3146856,0.0138743714,"Secondary metabolites biosynthesis, transport, and catabolism",#1e90ff,
b4755,yqhI,3147597,0.0051251496,"Secondary metabolites biosynthesis, transport, and catabolism",#1e90ff,
b3001,gpr,3147897,0.0149113283,Energy production and conversion,#90ee90,
b3002,yqhA,3148977,0.0088612762,Function unknown,#708090,
b3003,yghA,3149662,-0.0049680383,Lipid transport and metabolism,#40e0d0,
b3005,exbD,3150818,-0.0103905814,"Intracellular trafficking, secretion, and vesicular transport",#8b4513,
b3006,exbB,3151250,0.0002175827,"Intracellular trafficking, secretion, and vesicular transport",#8b4513,
b3008,metC,3152236,-0.0045894611,Amino acid transport and metabolism,#ff0000,
b3009,yghB,3153563,-0.0098163404,Function unknown,#708090,
b3010,yqhC,3154262,-0.0005747484000000001,Transcription,#f4a460,
b3011,yqhD,3155355,-0.0004214353,Energy production and conversion,#90ee90,
b3012,dkgA,3156623,0.0025239983,Function unknown,#708090,
b3013,yqhG,3157650,0.0037292505,Function unknown,#708090,
b3014,yqhH,3158627,0.012019207700000001,Cell wall/membrane/envelope biogenesis,#c71585,
b4469,ygiQ,3158927,-0.0106277509,Energy production and conversion,#90ee90,
b3017,ftsP,3161257,-0.00734381,"Cell cycle control, cell division, chromosome partitioning",#bfbf00,
b3018,plsC,3162744,-0.0048641153,Lipid transport and metabolism,#40e0d0,
b3019,parC,3163715,-0.0022222892,"Replication, recombination and repair",#ff00ff,
b3020,ygiS,3166111,0.0056566467,Amino acid transport and metabolism,#ff0000,
b3021,mqsA,3167851,0.0006249709000000001,Transcription,#f4a460,
b3022,mqsR,3168248,-0.0005775029,Transcription,#f4a460,
b3023,ygiV,3168749,-0.000837932,Transcription,#f4a460,
b3024,ygiW,3169284,0.0014396703,Function unknown,#708090,
b3025,qseB,3169828,-0.0007653077,Transcription,#f4a460,
b3026,qseC,3170484,-0.0149085303,Signal transduction mechanisms,#00ff00,
b3028,mdaB,3172530,-0.0032397209,Function unknown,#708090,
b3029,ygiN,3173142,0.0026618135,Function unknown,#708090,
b3030,parE,3173504,0.0018061124,"Replication, recombination and repair",#ff00ff,
b3031,yqiA,3175425,0.0059368336,Function unknown,#708090,
b3032,cpdA,3176006,-0.0074402695,Function unknown,#708090,
b3033,yqiB,3176858,-0.0110128116,Function unknown,#708090,
b3034,nudF,3177281,0.0013564381,"Replication, recombination and repair",#ff00ff,
b3035,tolC,3178115,-0.0075530583,Cell wall/membrane/envelope biogenesis,#c71585,
b3036,ygiA,3179596,-0.0433785839,No COG annotation,#87cefa,
b3037,ygiB,3179744,0.0025021375,Function unknown,#708090,
b3038,ygiC,3180421,0.0043134812,Amino acid transport and metabolism,#ff0000,
b3039,ygiD,3181619,0.0049336297,Function unknown,#708090,
b3040,zupT,3182550,0.0021512632,Inorganic ion transport and metabolism,#0000ff,
b4756,yqiD,3183381,-0.0188164587,Function unknown,#708090,
b3041,ribB,3183813,0.012534681300000001,Coenzyme transport and metabolism,#008000,
b3042,ubiK,3184840,-0.0015994978000000001,Function unknown,#708090,
b3043,ygiL,3185414,-0.0395770763,Cell motility,#da70d6,
b3044,insC-5,3186187,-0.0071046852,"Replication, recombination and repair",#ff00ff,
b3045,insD-5,3186510,0.010308359500000001,"Replication, recombination and repair",#ff00ff,
b3047,yqiH,3189881,-0.0156522167,Cell wall/membrane/envelope biogenesis,#c71585,
b3048,yqiI,3190632,0.0074119469,Cell motility,#da70d6,
b3049,glgS,3191739,-0.0004127178,Function unknown,#708090,
b3050,yqiJ,3192208,-0.0270345676,"Post-translational modification, protein turnover,and chaperones",#87ceeb,
b3051,yqiK,3192864,0.006217338,Function unknown,#708090,
b3052,rfaE,3195320,0.0008967863,Nucleotide transport and metabolism,#00bfbf,
b3053,glnE,3196801,-0.0019752499,Coenzyme transport and metabolism,#008000,
b3054,ygiF,3199664,0.0013705149,Function unknown,#708090,
b3055,ygiM,3201207,-0.017922382100000002,Signal transduction mechanisms,#00ff00,
b3056,cca,3201891,-0.0105775357,"Translation, ribosomal structure and biogenesis",#000000,
b3057,bacA,3203310,-0.0123075856,Defense mechanisms,#d3d3d3,
b3058,folB,3204221,0.0042399377,Coenzyme transport and metabolism,#008000,
b3059,plsY,3204694,-0.0129512783,Lipid transport and metabolism,#40e0d0,
b3060,ttdR,3205324,0.0068929428,Transcription,#f4a460,
b3061,ttdA,3206463,-0.0036895229,Energy production and conversion,#90ee90,
b3062,ttdB,3207371,-0.015285184200000001,Energy production and conversion,#90ee90,
b3063,ttdT,3208024,0.0166573112,Inorganic ion transport and metabolism,#0000ff,
b3064,tsaD,3209530,0.0054247942,"Translation, ribosomal structure and biogenesis",#000000,
b3065,rpsU,3210781,-0.019914821200000002,"Translation, ribosomal structure and biogenesis",#000000,
b3066,dnaG,3211107,0.0048088628,"Replication, recombination and repair",#ff00ff,
b3067,rpoD,3213047,-0.0144319734,Transcription,#f4a460,
b3068,mug,3214967,0.0019087691,"Replication, recombination and repair",#ff00ff,
b3070,nfeF,3215727,0.0028432852,Inorganic ion transport and metabolism,#0000ff,
b3071,nfeR,3216779,-0.0151998733,Transcription,#f4a460,
b3072,aer,3217556,0.0072276459,Signal transduction mechanisms,#00ff00,
b3073,patA,3219494,-0.0180682291,Coenzyme transport and metabolism,#008000,
b3074,ygjH,3220915,-0.0329430671,"Translation, ribosomal structure and biogenesis",#000000,
b3075,ebgR,3221466,-0.0158327147,Transcription,#f4a460,
b3076,ebgA,3222633,-0.007100239600000001,Carbohydrate transport and metabolism,#ffc0cb,
b3077,ebgC,3225722,0.0289949666,Carbohydrate transport and metabolism,#ffc0cb,
b3078,ygjI,3226234,-0.0157176852,Amino acid transport and metabolism,#ff0000,
b3079,ygjJ,3227801,-0.0052901057000000005,No COG annotation,#87cefa,
b3080,ygjK,3228888,-0.0083159468,Carbohydrate transport and metabolism,#ffc0cb,
b3081,fadH,3231665,-0.0086679644,Energy production and conversion,#90ee90,
b3082,higA,3233728,0.0013116141,Transcription,#f4a460,
b3083,higB,3234141,-0.0498090459,"Translation, ribosomal structure and biogenesis",#000000,
b3084,rlmG,3234739,-0.0121272694,"Translation, ribosomal structure and biogenesis",#000000,
b3085,ygjP,3235960,-0.0021913424,Function unknown,#708090,
b3086,ygjQ,3236540,0.016818133000000002,Function unknown,#708090,
b3087,ygjR,3237311,-0.012137585900000001,Function unknown,#708090,
b3088,alx,3238580,0.0041739842000000004,Inorganic ion transport and metabolism,#0000ff,
b3089,sstT,3239944,0.0059884579,Amino acid transport and metabolism,#ff0000,
b3090,ygjV,3241193,-0.0063387467,Function unknown,#708090,
b3091,uxaA,3241827,0.008546134,Carbohydrate transport and metabolism,#ffc0cb,
b3092,uxaC,3243329,0.0066028999000000005,Carbohydrate transport and metabolism,#ffc0cb,
b3093,exuT,3245224,0.036315386000000005,Inorganic ion transport and metabolism,#0000ff,
b3094,exuR,3246652,0.0020006702,Transcription,#f4a460,
b3095,yqjA,3247773,0.0034163804000000002,Function unknown,#708090,
b3096,mzrA,3248439,-0.009199120600000001,Function unknown,#708090,
b3097,yqjC,3248969,-0.0147325139,Function unknown,#708090,
b3098,yqjD,3249375,-0.0172356345,Function unknown,#708090,
b3099,yqjE,3249683,0.0034574128000000003,Function unknown,#708090,
b3100,yqjK,3250077,-0.0083726332,Function unknown,#708090,
b3101,yqjF,3250562,-0.0418605656,Function unknown,#708090,
b3102,yqjG,3251024,-0.00797497,"Post-translational modification, protein turnover,and chaperones",#87ceeb,
b3103,yhaH,3252304,0.0028573781000000003,Function unknown,#708090,
b3104,yhaI,3252911,0.003388336,Function unknown,#708090,
b3105,yhaJ,3253318,-0.0074502645000000004,Transcription,#f4a460,
b3106,yhaK,3254319,-0.011043335000000001,Function unknown,#708090,
b3107,yhaL,3255043,-0.00725112,No COG annotation,#87cefa,
b4470,cyuA,3255341,-0.0137095826,Function unknown,#708090,
b3110,cyuP,3256679,0.0012664241,Amino acid transport and metabolism,#ff0000,
b4471,tdcG,3258285,-0.019868658900000002,Amino acid transport and metabolism,#ff0000,
b3113,tdcF,3259721,0.0175491375,Amino acid transport and metabolism,#ff0000,
b3114,tdcE,3260124,-0.0084967049,Energy production and conversion,#90ee90,
b3115,tdcD,3262452,-0.0158472642,Nucleotide transport and metabolism,#00bfbf,
b3116,tdcC,3263686,0.0015765449000000001,Amino acid transport and metabolism,#ff0000,
b3117,tdcB,3265039,0.0052666378000000005,Amino acid transport and metabolism,#ff0000,
b3118,tdcA,3266127,-0.0125744466,Transcription,#f4a460,
b3120,yhaB,3267854,-0.002205709,No COG annotation,#87cefa,
b3121,yhaC,3268415,-0.0123701874,No COG annotation,#87cefa,
b3124,garK,3270625,0.0072411295,Carbohydrate transport and metabolism,#ffc0cb,
b3125,garR,3271867,0.0067402186,Lipid transport and metabolism,#40e0d0,
b3126,garL,3272787,-0.0163337357,Carbohydrate transport and metabolism,#ffc0cb,
b3127,garP,3273573,-0.0056894802,Inorganic ion transport and metabolism,#0000ff,
b3128,garD,3275282,-0.0054552552,Amino acid transport and metabolism,#ff0000,
b3129,prlF,3277002,-0.0020185597,Transcription,#f4a460,
b3130,yhaV,3277337,0.0023211639,Transcription,#f4a460,
b3131,agaR,3277856,-0.0029126105,Transcription,#f4a460,
b3132,kbaZ,3278914,-0.0060299870000000005,Carbohydrate transport and metabolism,#ffc0cb,
b3133,agaV,3280217,0.0406180528,Carbohydrate transport and metabolism,#ffc0cb,
b3134,agaW,3280701,0.0094384211,Carbohydrate transport and metabolism,#ffc0cb,
b3135,agaA,3281122,-0.0041279828,Carbohydrate transport and metabolism,#ffc0cb,
b3136,agaS,3281976,-0.0010167107000000001,Carbohydrate transport and metabolism,#ffc0cb,
b3137,kbaY,3283143,0.0015891672000000001,Nucleotide transport and metabolism,#00bfbf,
b3139,agaC,3284685,0.027371740500000002,Carbohydrate transport and metabolism,#ffc0cb,
b3140,agaD,3285478,0.0209958431,Carbohydrate transport and metabolism,#ffc0cb,
b3141,agaI,3286270,0.0142155215,Carbohydrate transport and metabolism,#ffc0cb,
b3142,yraH,3287426,0.0072609167,Cell motility,#da70d6,
b3143,yraI,3288090,0.0023373326,Cell wall/membrane/envelope biogenesis,#c71585,
b3144,yraJ,3288814,0.004690434,Cell motility,#da70d6,
b3145,yraK,3291341,-0.0113577074,Cell motility,#da70d6,
b3146,rsmI,3292475,0.005334758,"Translation, ribosomal structure and biogenesis",#000000,
b3147,lpoA,3293400,-0.0042086307,Cell wall/membrane/envelope biogenesis,#c71585,
b3148,yraN,3295394,0.007536139000000001,"Replication, recombination and repair",#ff00ff,
b3149,diaA,3295809,0.0044935146,"Translation, ribosomal structure and biogenesis",#000000,
b3150,yraP,3296409,0.0010382993,Function unknown,#708090,
b3151,yraQ,3297098,0.0103556494,Function unknown,#708090,
b3152,yraR,3298211,-0.0123585567,Carbohydrate transport and metabolism,#ffc0cb,
b3153,yhbO,3298974,-0.0121987802,Function unknown,#708090,
b3154,yhbP,3299472,-0.0061774187,Function unknown,#708090,
b3155,yhbQ,3299966,0.0159939878,"Replication, recombination and repair",#ff00ff,
b3156,yhbS,3300255,-0.0030737664,Function unknown,#708090,
b3157,yhbT,3300752,0.0049303265,Lipid transport and metabolism,#40e0d0,
b3158,yhbU,3301485,-0.0013244083000000001,"Post-translational modification, protein turnover,and chaperones",#87ceeb,
b3159,yhbV,3302489,-0.0244811496,"Post-translational modification, protein turnover,and chaperones",#87ceeb,
b3160,yhbW,3303448,-0.006100988700000001,Energy production and conversion,#90ee90,
b3161,mtr,3304573,-0.0006123359000000001,Amino acid transport and metabolism,#ff0000,
b3162,deaD,3305971,-0.0060027037000000005,Nucleotide transport and metabolism,#00bfbf,
b3163,nlpI,3308040,-0.0018805667,"Cell cycle control, cell division, chromosome partitioning",#bfbf00,
b3164,pnp,3309033,-0.0069856976,"Translation, ribosomal structure and biogenesis",#000000,
b3165,rpsO,3311415,-0.0115102681,"Translation, ribosomal structure and biogenesis",#000000,
b3166,truB,3311833,0.0027605939000000003,"Translation, ribosomal structure and biogenesis",#000000,
b3167,rbfA,3312777,-0.0008810237,"Translation, ribosomal structure and biogenesis",#000000,
b3168,infB,3313342,0.0028585064,"Translation, ribosomal structure and biogenesis",#000000,
b3169,nusA,3316039,0.0021194723,Transcription,#f4a460,
b3170,rimP,3317554,-0.0070216104,Function unknown,#708090,
b3172,argG,3318637,-0.0151396463,Nucleotide transport and metabolism,#00bfbf,
b3173,yhbX,3319988,0.008084643400000001,Function unknown,#708090,
b3175,secG,3322173,0.015609224500000001,"Intracellular trafficking, secretion, and vesicular transport",#8b4513,
b3176,glmM,3322733,-0.0004220334,Carbohydrate transport and metabolism,#ffc0cb,
b3177,folP,3324063,-0.0066438836,Coenzyme transport and metabolism,#008000,
b3178,ftsH,3325001,-0.00922043,"Post-translational modification, protein turnover,and chaperones",#87ceeb,
b3179,rlmE,3327035,-0.0008542457,"Translation, ribosomal structure and biogenesis",#000000,
b3180,yhbY,3327790,-0.028041352800000002,"Translation, ribosomal structure and biogenesis",#000000,
b3181,greA,3328239,0.0026107519,Transcription,#f4a460,
b3182,dacB,3328963,-0.0052897330000000005,Cell wall/membrane/envelope biogenesis,#c71585,
b3183,obgE,3330582,0.0015279141,Function unknown,#708090,
b3184,yhbE,3331770,0.0021975549,Amino acid transport and metabolism,#ff0000,
b3185,rpmA,3332862,-0.00036169420000000004,"Translation, ribosomal structure and biogenesis",#000000,
b3186,rplU,3333140,-0.0018925582,"Translation, ribosomal structure and biogenesis",#000000,
b3187,ispB,3333710,-0.009568157400000001,Coenzyme transport and metabolism,#008000,
b3188,sfsB,3334909,0.0211942718,Transcription,#f4a460,
b3189,murA,3335235,-0.0009955114,Cell wall/membrane/envelope biogenesis,#c71585,
b3190,ibaG,3336549,0.0009862783,Transcription,#f4a460,
b3191,mlaB,3336963,-0.0021721179,Function unknown,#708090,
b3192,mlaC,3337256,-0.0059126471000000005,"Secondary metabolites biosynthesis, transport, and catabolism",#1e90ff,
b3193,mlaD,3337910,-0.0005712016,"Secondary metabolites biosynthesis, transport, and catabolism",#1e90ff,
b3194,mlaE,3338466,-0.0010601155,"Secondary metabolites biosynthesis, transport, and catabolism",#1e90ff,
b3195,mlaF,3339256,0.0040968205,Inorganic ion transport and metabolism,#0000ff,
b3196,yrbG,3340275,-0.0107081277,Inorganic ion transport and metabolism,#0000ff,
b3197,kdsD,3341266,-0.008584566200000001,Cell wall/membrane/envelope biogenesis,#c71585,
b3198,kdsC,3342273,-0.0123694857,Nucleotide transport and metabolism,#00bfbf,
b3199,lptC,3342836,-0.0025733073,"Intracellular trafficking, secretion, and vesicular transport",#8b4513,
b3200,lptA,3343380,-0.0094152859,Function unknown,#708090,
b3201,lptB,3343944,-0.008177962300000001,Inorganic ion transport and metabolism,#0000ff,
b3202,rpoN,3344717,0.0004899116,Transcription,#f4a460,
b3203,hpf,3346173,-0.0112920833,"Translation, ribosomal structure and biogenesis",#000000,
b3204,ptsN,3346578,-0.0067244421,Carbohydrate transport and metabolism,#ffc0cb,
b3205,rapZ,3347115,-0.0037872326,Function unknown,#708090,
b3206,npr,3347966,-0.015079099700000001,Carbohydrate transport and metabolism,#ffc0cb,
b3207,yrbL,3348452,0.0056734545,Transcription,#f4a460,
b3208,mtgA,3349081,-0.0045022292,Cell wall/membrane/envelope biogenesis,#c71585,
b3209,elbB,3349806,0.0092890435,"Secondary metabolites biosynthesis, transport, and catabolism",#1e90ff,
b3210,arcB,3350689,-0.006877173,Signal transduction mechanisms,#00ff00,
b3211,yhcC,3353121,0.0052714625,Function unknown,#708090,
b3212,gltB,3354725,-0.0048954908,Amino acid transport and metabolism,#ff0000,
b3213,gltD,3359198,0.0027777794,Energy production and conversion,#90ee90,
b3214,gltF,3361176,0.0260259577,Cell motility,#da70d6,
b3215,yhcA,3362112,-0.0158452419,Cell motility,#da70d6,
b3216,yhcD,3362807,-0.00014130190000000002,Cell motility,#da70d6,
b4569,yhcE,3365185,0.0065045402000000006,No COG annotation,#87cefa,
b3218,insH-10,3365702,-0.0002427827,"Replication, recombination and repair",#ff00ff,
b3219,yhcF,3366926,0.0237971028,Cell motility,#da70d6,
b3220,yhcG,3367827,0.00010568880000000001,Function unknown,#708090,
b3221,yhcH,3369014,0.0112800183,Carbohydrate transport and metabolism,#ffc0cb,
b3222,nanK,3369475,0.0019000202000000002,Nucleotide transport and metabolism,#00bfbf,
b3223,nanE,3370347,-0.0255068591,Carbohydrate transport and metabolism,#ffc0cb,
b3224,nanT,3371084,0.0108521073,Amino acid transport and metabolism,#ff0000,
b3225,nanA,3372683,0.0061218016,Coenzyme transport and metabolism,#008000,
b3226,nanR,3373698,-0.0013870103,Transcription,#f4a460,
b3227,dcuD,3374869,-0.016113516300000002,Inorganic ion transport and metabolism,#0000ff,
b3228,sspB,3376279,-0.0006615536,Function unknown,#708090,
b3229,sspA,3376782,-0.0017336777000000001,Transcription,#f4a460,
b3230,rpsI,3377815,-0.0032685254,"Translation, ribosomal structure and biogenesis",#000000,
b3231,rplM,3378223,0.0116391857,"Translation, ribosomal structure and biogenesis",#000000,
b3232,zapE,3378870,0.0032356732,"Cell cycle control, cell division, chromosome partitioning",#bfbf00,
b3233,yhcB,3380191,0.0090753896,Function unknown,#708090,
b3234,degQ,3380743,-0.013301853800000001,Cell wall/membrane/envelope biogenesis,#c71585,
b3235,degS,3382200,0.0031227068,"Post-translational modification, protein turnover,and chaperones",#87ceeb,
b3236,mdh,3383330,0.022388839,Energy production and conversion,#90ee90,
b3237,argR,3384703,0.0020446073,Transcription,#f4a460,
b3238,yhcN,3385538,-0.0018275226,Function unknown,#708090,
b3239,yhcO,3385857,0.0055213029,Transcription,#f4a460,
b3240,aaeB,3386221,-0.029792772500000002,"Intracellular trafficking, secretion, and vesicular transport",#8b4513,
b3241,aaeA,3388194,-0.029450738100000002,Defense mechanisms,#d3d3d3,
b3242,aaeX,3389134,0.0057592289,Function unknown,#708090,
b3243,aaeR,3389520,-0.010633558500000001,Transcription,#f4a460,
b3244,tldD,3390583,-0.0046724032,Function unknown,#708090,
b4472,yhdP,3392458,0.0012027576,Function unknown,#708090,
b3247,rng,3396326,0.0020376922,"Translation, ribosomal structure and biogenesis",#000000,
b3248,yhdE,3397785,0.0049514879,"Cell cycle control, cell division, chromosome partitioning",#bfbf00,
b3249,mreD,3398387,0.0016338839000000001,Cell wall/membrane/envelope biogenesis,#c71585,
b3250,mreC,3398875,-0.0017775707,Cell wall/membrane/envelope biogenesis,#c71585,
b3251,mreB,3400044,0.0029457504,"Cell cycle control, cell division, chromosome partitioning",#bfbf00,
b3252,csrD,3401392,0.0069970275,Signal transduction mechanisms,#00ff00,
b3253,yhdH,3403484,-0.0034606142,Energy production and conversion,#90ee90,
b3255,accB,3405436,0.016546654600000002,Lipid transport and metabolism,#40e0d0,
b3256,accC,3405917,0.0073367592,Lipid transport and metabolism,#40e0d0,
b3257,yhdT,3407375,0.037259454000000004,Function unknown,#708090,
b3258,panF,3407607,0.004455744,Coenzyme transport and metabolism,#008000,
b3259,prmA,3409070,-0.0068027479,"Translation, ribosomal structure and biogenesis",#000000,
b3260,dusB,3410280,-0.0002815508,"Translation, ribosomal structure and biogenesis",#000000,
b3261,fis,3411271,-0.0025556512,Transcription,#f4a460,
b3262,yhdJ,3411653,0.0314944845,"Replication, recombination and repair",#ff00ff,
b3263,yhdU,3412621,-0.008731923400000001,Function unknown,#708090,
b3264,envR,3412803,0.0428696999,Transcription,#f4a460,
b3265,acrE,3413864,0.009045428000000001,Cell wall/membrane/envelope biogenesis,#c71585,
b3266,acrF,3415033,0.009304286200000001,"Intracellular trafficking, secretion, and vesicular transport",#8b4513,
b3267,yhdV,3418390,-0.0085482205,Function unknown,#708090,
b3268,yhdW,3419042,0.0191371935,No COG annotation,#87cefa,
b3269,yhdX,3420134,-0.0199752529,Inorganic ion transport and metabolism,#0000ff,
b3270,yhdY,3421325,0.0024627038,Inorganic ion transport and metabolism,#0000ff,
b3271,yhdZ,3422436,0.019571621100000002,Inorganic ion transport and metabolism,#0000ff,
b3279,yrdA,3429236,-0.0091602256,Function unknown,#708090,
b3280,yrdB,3429766,-0.0018251227,Function unknown,#708090,
b3281,aroE,3430020,0.0097045618,Amino acid transport and metabolism,#ff0000,
b3282,tsaC,3430843,-0.013455210300000001,"Translation, ribosomal structure and biogenesis",#000000,
b3283,yrdD,3431420,-0.011177110300000001,"Replication, recombination and repair",#ff00ff,
b3284,smg,3431991,0.0027897168,Function unknown,#708090,
b4473,smf,3432436,-0.0034962955,"Replication, recombination and repair",#ff00ff,
b3287,def,3433690,0.004742267200000001,"Translation, ribosomal structure and biogenesis",#000000,
b3288,fmt,3434214,0.0021009724,"Translation, ribosomal structure and biogenesis",#000000,
b3289,rsmB,3435207,0.011633761500000001,"Translation, ribosomal structure and biogenesis",#000000,
b3290,trkA,3436518,0.0004499997,Inorganic ion transport and metabolism,#0000ff,
b3291,mscL,3438024,-0.0052235303,Cell wall/membrane/envelope biogenesis,#c71585,
b4550,arfA,3438431,0.007916511900000001,Function unknown,#708090,
b3292,zntR,3438705,0.0006991835,Transcription,#f4a460,
b3293,yhdN,3439141,-0.0071447152,Function unknown,#708090,
b3294,rplQ,3439616,-0.0021454917,"Translation, ribosomal structure and biogenesis",#000000,
b3295,rpoA,3440040,-0.0038257763,Transcription,#f4a460,
b3296,rpsD,3441055,-0.001344055,"Translation, ribosomal structure and biogenesis",#000000,
b3297,rpsK,3441709,-0.0014234437,"Translation, ribosomal structure and biogenesis",#000000,
b3298,rpsM,3442115,-0.0074897682,"Translation, ribosomal structure and biogenesis",#000000,
b3299,rpmJ,3442618,0.0008446322000000001,"Translation, ribosomal structure and biogenesis",#000000,
b3300,secY,3442766,-0.0005344494,"Intracellular trafficking, secretion, and vesicular transport",#8b4513,
b3301,rplO,3444105,-0.0025299811,"Translation, ribosomal structure and biogenesis",#000000,
b3302,rpmD,3444543,-0.0042748802,"Translation, ribosomal structure and biogenesis",#000000,
b3303,rpsE,3444726,-0.0078377922,"Translation, ribosomal structure and biogenesis",#000000,
b3304,rplR,3445244,-0.0094661594,"Translation, ribosomal structure and biogenesis",#000000,
b3305,rplF,3445607,-0.0048887332,"Translation, ribosomal structure and biogenesis",#000000,
b3306,rpsH,3446153,-0.0062639178,"Translation, ribosomal structure and biogenesis",#000000,
b3307,rpsN,3446579,-0.011261347100000001,"Translation, ribosomal structure and biogenesis",#000000,
b3308,rplE,3446899,-0.00621855,"Translation, ribosomal structure and biogenesis",#000000,
b3309,rplX,3447453,0.0102854572,"Translation, ribosomal structure and biogenesis",#000000,
b3310,rplN,3447778,0.0032612769000000003,"Translation, ribosomal structure and biogenesis",#000000,
b3311,rpsQ,3448314,-0.0073240411,"Translation, ribosomal structure and biogenesis",#000000,
b3312,rpmC,3448568,-0.0013614928,"Translation, ribosomal structure and biogenesis",#000000,
b3313,rplP,3448759,0.0045542846,"Translation, ribosomal structure and biogenesis",#000000,
b3314,rpsC,3449182,0.004453486,"Translation, ribosomal structure and biogenesis",#000000,
b3315,rplV,3449901,-0.0008698939,"Translation, ribosomal structure and biogenesis",#000000,
b3316,rpsS,3450248,-0.0028466976000000002,"Translation, ribosomal structure and biogenesis",#000000,
b3317,rplB,3450543,0.0027598512000000003,"Translation, ribosomal structure and biogenesis",#000000,
b3318,rplW,3451382,0.0019339326000000002,"Translation, ribosomal structure and biogenesis",#000000,
b3319,rplD,3451681,0.0082309681,"Translation, ribosomal structure and biogenesis",#000000,
b3320,rplC,3452297,0.0049632717,"Translation, ribosomal structure and biogenesis",#000000,
b3321,rpsJ,3452959,-0.0037451333,"Translation, ribosomal structure and biogenesis",#000000,
b3322,gspB,3453508,0.0181286591,Function unknown,#708090,
b3323,gspA,3453929,-0.0013907174,"Intracellular trafficking, secretion, and vesicular transport",#8b4513,
b3324,gspC,3455578,-0.0070225111,"Intracellular trafficking, secretion, and vesicular transport",#8b4513,
b3325,gspD,3456377,-0.030478649400000002,Cell motility,#da70d6,
b3326,gspE,3458339,-0.0050068672,Cell motility,#da70d6,
b3327,gspF,3459817,-0.0153804393,"Intracellular trafficking, secretion, and vesicular transport",#8b4513,
b3328,gspG,3461023,0.0049345187,"Intracellular trafficking, secretion, and vesicular transport",#8b4513,
b3329,gspH,3461468,-0.0193205233,"Intracellular trafficking, secretion, and vesicular transport",#8b4513,
b3331,gspJ,3462344,-0.0154874221,"Intracellular trafficking, secretion, and vesicular transport",#8b4513,
b3332,gspK,3462924,-0.0231267014,"Intracellular trafficking, secretion, and vesicular transport",#8b4513,
b3333,gspL,3463922,0.0003898287,"Intracellular trafficking, secretion, and vesicular transport",#8b4513,
b3334,gspM,3465082,0.008574307,"Intracellular trafficking, secretion, and vesicular transport",#8b4513,
b3335,gspO,3465543,0.0048258299,Cell motility,#da70d6,
b3336,bfr,3466249,0.0160451627,Inorganic ion transport and metabolism,#0000ff,
b3337,bfd,3466797,0.030494465800000002,Inorganic ion transport and metabolism,#0000ff,
b3338,chiA,3467160,-0.0026792634,Carbohydrate transport and metabolism,#ffc0cb,
b3339,tufA,3470145,-0.0034757027,"Translation, ribosomal structure and biogenesis",#000000,
b3340,fusA,3471400,0.0007077339,"Translation, ribosomal structure and biogenesis",#000000,
b3341,rpsG,3473542,0.010143077,"Translation, ribosomal structure and biogenesis",#000000,
b3342,rpsL,3474178,0.0083885587,"Translation, ribosomal structure and biogenesis",#000000,
b3343,tusB,3474678,0.0038369970000000004,"Translation, ribosomal structure and biogenesis",#000000,
b3344,tusC,3474973,-0.0029809323,"Translation, ribosomal structure and biogenesis",#000000,
b3345,tusD,3475332,-0.0078273838,"Translation, ribosomal structure and biogenesis",#000000,
b3346,yheO,3475718,-0.009207725600000001,Function unknown,#708090,
b3347,fkpA,3476607,-0.006915099300000001,"Post-translational modification, protein turnover,and chaperones",#87ceeb,
b3348,slyX,3477640,0.0093131718,Function unknown,#708090,
b3349,slyD,3477907,0.0076628385000000005,"Post-translational modification, protein turnover,and chaperones",#87ceeb,
b4551,yheV,3478592,0.0126628181,Function unknown,#708090,
b3350,kefB,3478802,0.008300995700000001,Inorganic ion transport and metabolism,#0000ff,
b3351,kefG,3480607,-0.0007484055,Function unknown,#708090,
b3352,yheS,3481289,0.007047576900000001,Function unknown,#708090,
b3353,yheT,3483202,0.0029965005,Function unknown,#708090,
b3354,yheU,3484218,0.0006540555,Function unknown,#708090,
b3355,prkB,3484490,0.0096714959,Carbohydrate transport and metabolism,#ffc0cb,
b3356,yhfA,3485414,0.009831103400000001,"Post-translational modification, protein turnover,and chaperones",#87ceeb,
b3357,crp,3486120,0.0017360774,Transcription,#f4a460,
b3358,yhfK,3486791,0.0059635266000000004,Function unknown,#708090,
b3359,argD,3488960,-0.0060230234,Amino acid transport and metabolism,#ff0000,
b3360,pabA,3490266,-0.0056122892,Amino acid transport and metabolism,#ff0000,
b3361,fic,3490861,0.0198492662,"Cell cycle control, cell division, chromosome partitioning",#bfbf00,
b3362,yhfG,3491453,0.0226941167,Function unknown,#708090,
b3363,ppiA,3491725,-0.0070898278,"Post-translational modification, protein turnover,and chaperones",#87ceeb,
b3364,tsgA,3492568,-0.0319342546,Carbohydrate transport and metabolism,#ffc0cb,
b3365,nirB,3494011,0.0196619983,Energy production and conversion,#90ee90,
b3366,nirD,3496551,0.0006618030000000001,Inorganic ion transport and metabolism,#0000ff,
b3367,nirC,3497003,-0.0197007187,Inorganic ion transport and metabolism,#0000ff,
b3368,cysG,3497828,0.0027901382000000002,Coenzyme transport and metabolism,#008000,
b3369,yhfL,3499448,0.0130760293,Function unknown,#708090,
b3370,frlA,3499910,0.007166782500000001,Amino acid transport and metabolism,#ff0000,
b3371,frlB,3501268,0.0006626467,Cell wall/membrane/envelope biogenesis,#c71585,
b4474,frlC,3502340,0.0096424749,Carbohydrate transport and metabolism,#ffc0cb,
b3374,frlD,3503167,0.0339745517,Nucleotide transport and metabolism,#00bfbf,
b3375,frlR,3504052,0.0076300465,Transcription,#f4a460,
b3376,yhfS,3504935,-0.00208034,Amino acid transport and metabolism,#ff0000,
b3377,yhfT,3506032,0.0116347485,Function unknown,#708090,
b3378,yhfU,3507348,0.0164328384,Function unknown,#708090,
b3379,php,3507712,-0.0005081133,Function unknown,#708090,
b3380,yhfW,3508587,0.0090061844,Carbohydrate transport and metabolism,#ffc0cb,
b3381,yhfX,3509813,-0.036030740900000004,Amino acid transport and metabolism,#ff0000,
b3382,yhfY,3511060,-0.031344449,Function unknown,#708090,
b3383,yhfZ,3511439,0.0083707939,Transcription,#f4a460,
b3384,trpS,3512634,-0.0017223167,"Translation, ribosomal structure and biogenesis",#000000,
b3385,gph,3513631,0.0008225198,Nucleotide transport and metabolism,#00bfbf,
b3386,rpe,3514382,-0.004455841800000001,Nucleotide transport and metabolism,#00bfbf,
b3387,dam,3515077,-0.0021428657,"Replication, recombination and repair",#ff00ff,
b3388,damX,3516020,-0.0010023386,"Cell cycle control, cell division, chromosome partitioning",#bfbf00,
b3389,aroB,3517398,-0.0001393655,Amino acid transport and metabolism,#ff0000,
b3390,aroK,3518543,0.0081509841,Nucleotide transport and metabolism,#00bfbf,
b3391,hofQ,3519465,0.0139331127,"Intracellular trafficking, secretion, and vesicular transport",#8b4513,
b3393,hofO,3521009,0.0379148137,Function unknown,#708090,
b3394,hofN,3521433,0.0061082002,Cell motility,#da70d6,
b3395,hofM,3521972,-0.0171304944,Cell motility,#da70d6,
b3396,mrcA,3522871,0.011359545700000001,Cell wall/membrane/envelope biogenesis,#c71585,
b3397,nudE,3525589,0.0042075536,"Replication, recombination and repair",#ff00ff,
b3398,igaA,3526469,0.00036507660000000003,Function unknown,#708090,
b3399,yrfG,3528669,-0.0062911123,Function unknown,#708090,
b3400,hslR,3529348,0.0067003133,"Translation, ribosomal structure and biogenesis",#000000,
b3401,hslO,3529774,0.0077566144,"Post-translational modification, protein turnover,and chaperones",#87ceeb,
b3402,yhgE,3530715,0.0041591112,"Replication, recombination and repair",#ff00ff,
b3403,pck,3532818,0.0027071833000000003,Nucleotide transport and metabolism,#00bfbf,
b3404,envZ,3534516,0.0073970297,Signal transduction mechanisms,#00ff00,
b3405,ompR,3535865,0.0083149282,Transcription,#f4a460,
b3406,greB,3536812,-0.0018946453,Transcription,#f4a460,
b3407,yhgF,3537385,0.0074862351,Transcription,#f4a460,
b3408,feoA,3540163,0.0138017224,Inorganic ion transport and metabolism,#0000ff,
b3409,feoB,3540407,-0.00016223610000000002,Inorganic ion transport and metabolism,#0000ff,
b3410,feoC,3542728,-0.0114987176,Transcription,#f4a460,
b3411,rpnA,3543167,0.0016184383000000001,Function unknown,#708090,
b3412,bioH,3544074,0.0020210309,Function unknown,#708090,
b3413,yhgH,3544882,-0.0045212211,Function unknown,#708090,
b3414,nfuA,3545624,-0.0029163349,"Post-translational modification, protein turnover,and chaperones",#87ceeb,
b3415,gntT,3546559,0.0087345362,Inorganic ion transport and metabolism,#0000ff,
b3416,malQ,3547986,0.0008289886,Carbohydrate transport and metabolism,#ffc0cb,
b3417,malP,3550080,-0.0054951122,Carbohydrate transport and metabolism,#ffc0cb,
b3418,malT,3553085,0.0015904648,Transcription,#f4a460,
b4475,rtcA,3555833,0.0101307116,RNA processing and modification,#add8e6,
b3421,rtcB,3556853,-0.0052048476000000005,Function unknown,#708090,
b3422,rtcR,3558268,0.005606144,Transcription,#f4a460,
b3423,glpR,3559848,-0.0051315022000000005,Transcription,#f4a460,
b3424,glpG,3560622,2.64795e-05,Function unknown,#708090,
b3425,glpE,3561497,-0.0065854117,Inorganic ion transport and metabolism,#0000ff,
b3426,glpD,3562013,-0.0049002754,Energy production and conversion,#90ee90,
b3427,yzgL,3563724,-0.039751446600000004,Inorganic ion transport and metabolism,#0000ff,
b3428,glgP,3564134,-0.0017479844,Carbohydrate transport and metabolism,#ffc0cb,
b3429,glgA,3566600,0.0058520421000000005,Nucleotide transport and metabolism,#00bfbf,
b3430,glgC,3568033,0.0004289837,Nucleotide transport and metabolism,#00bfbf,
b3431,glgX,3569346,0.0027702711,Carbohydrate transport and metabolism,#ffc0cb,
b3432,glgB,3571316,-0.0020981955,Carbohydrate transport and metabolism,#ffc0cb,
b3433,asd,3573775,0.0081342414,Amino acid transport and metabolism,#ff0000,
b3434,yhgN,3575071,0.0053350323000000005,"Intracellular trafficking, secretion, and vesicular transport",#8b4513,
b4476,gntU,3575721,-0.0039028293,Inorganic ion transport and metabolism,#0000ff,
b3437,gntK,3577065,0.0041541896,Nucleotide transport and metabolism,#00bfbf,
b3438,gntR,3577731,-0.0030739620000000004,Transcription,#f4a460,
b3439,yhhW,3578950,-0.0022492728,Function unknown,#708090,
b3440,yhhX,3579768,-0.0015053125000000001,Function unknown,#708090,
b3441,yhhY,3581138,-0.0131850821,Cell wall/membrane/envelope biogenesis,#c71585,
b3442,yhhZ,3581863,0.0072751207,Function unknown,#708090,
b3444,insA-6,3583483,-0.0023196411,"Replication, recombination and repair",#ff00ff,
b3445,insB-6,3583677,0.011104065500000001,"Replication, recombination and repair",#ff00ff,
b3446,yrhB,3584759,0.060217824600000004,Function unknown,#708090,
b3447,ggt,3585081,-0.0038652498,Cell wall/membrane/envelope biogenesis,#c71585,
b3448,yhhA,3586943,0.0027005218000000003,Function unknown,#708090,
b3449,ugpQ,3587370,0.015824787700000002,Energy production and conversion,#90ee90,
b3450,ugpC,3588110,0.0116003015,Inorganic ion transport and metabolism,#0000ff,
b3451,ugpE,3589182,0.0053211561,Carbohydrate transport and metabolism,#ffc0cb,
b3452,ugpA,3590024,0.0223876171,Carbohydrate transport and metabolism,#ffc0cb,
b3453,ugpB,3591009,-0.0096368035,Inorganic ion transport and metabolism,#0000ff,
b3454,livF,3592724,-0.0055106659,Inorganic ion transport and metabolism,#0000ff,
b3455,livG,3593439,-0.0041288776,Inorganic ion transport and metabolism,#0000ff,
b3456,livM,3594203,-0.014614965300000001,Inorganic ion transport and metabolism,#0000ff,
b3457,livH,3595477,-0.0028337989,Amino acid transport and metabolism,#ff0000,
b3458,livK,3596451,-0.0282338455,Amino acid transport and metabolism,#ff0000,
b3459,panZ,3597984,-0.0208325447,Transcription,#f4a460,
b3460,livJ,3598555,0.0346551934,Amino acid transport and metabolism,#ff0000,
b3461,rpoH,3599929,0.0012521629000000001,Transcription,#f4a460,
b3462,ftsX,3601028,0.0007528556000000001,"Cell cycle control, cell division, chromosome partitioning",#bfbf00,
b3463,ftsE,3602079,-0.0053030063,"Cell cycle control, cell division, chromosome partitioning",#bfbf00,
b3464,ftsY,3602750,0.0047681829,"Cell cycle control, cell division, chromosome partitioning",#bfbf00,
b3465,rsmD,3604393,0.0103122158,"Translation, ribosomal structure and biogenesis",#000000,
b3466,yhhL,3604979,0.0101318333,Function unknown,#708090,
b3467,yhhM,3605251,-0.0019193075,Function unknown,#708090,
b3468,yhhN,3605751,0.0048437291,Function unknown,#708090,
b3469,zntA,3606451,0.0158239323,Inorganic ion transport and metabolism,#0000ff,
b3470,tusA,3608751,-0.0134183064,"Translation, ribosomal structure and biogenesis",#000000,
b3471,yhhQ,3609217,-0.0006874409,"Intracellular trafficking, secretion, and vesicular transport",#8b4513,
b3472,dcrB,3609955,-0.0035595403,Function unknown,#708090,
b3473,yhhS,3610516,0.0036370234,Amino acid transport and metabolism,#ff0000,
b3474,yhhT,3611865,-0.0052913422,Function unknown,#708090,
b3475,acpT,3612969,0.0035480601,Coenzyme transport and metabolism,#008000,
b3476,nikA,3613667,0.0026593235,Amino acid transport and metabolism,#ff0000,
b3477,nikB,3615241,0.017208750000000002,Inorganic ion transport and metabolism,#0000ff,
b3478,nikC,3616182,-0.011048272500000001,Inorganic ion transport and metabolism,#0000ff,
b3479,nikD,3617015,-0.0134316937,Inorganic ion transport and metabolism,#0000ff,
b3480,nikE,3617776,0.004078604400000001,Inorganic ion transport and metabolism,#0000ff,
b3481,nikR,3618588,0.0100225668,Transcription,#f4a460,
b3482,rhsB,3619192,-0.0002246825,Cell wall/membrane/envelope biogenesis,#c71585,
b3483,yhhH,3623399,0.0073119331,Function unknown,#708090,
b3484,yhhI,3624378,0.035570864300000005,"Replication, recombination and repair",#ff00ff,
b3485,yhhJ,3625679,0.0017243048000000001,Defense mechanisms,#d3d3d3,
b3486,rbbA,3626803,-0.011876940400000001,Defense mechanisms,#d3d3d3,
b3487,yhiI,3629535,-0.0114815587,Cell wall/membrane/envelope biogenesis,#c71585,
b3488,yhiJ,3630968,-0.0038294235,Function unknown,#708090,
b4660,yhiL,3632852,-0.009325252400000001,Function unknown,#708090,
b3491,yhiM,3634841,-0.0056263986000000005,Function unknown,#708090,
b3492,yhiN,3636208,-0.0007166409,Function unknown,#708090,
b3493,pitA,3637642,0.0117393441,Inorganic ion transport and metabolism,#0000ff,
b3494,uspB,3639385,-0.0284019272,Function unknown,#708090,
b3495,uspA,3640111,0.0142214336,Signal transduction mechanisms,#00ff00,
b3496,dtpB,3640862,0.0011011949,"Intracellular trafficking, secretion, and vesicular transport",#8b4513,
b3497,rsmJ,3642380,9.069730000000001e-05,"Translation, ribosomal structure and biogenesis",#000000,
b3498,prlC,3643140,-0.0027398795,Amino acid transport and metabolism,#ff0000,
b3499,rlmJ,3645385,0.0040194532,"Translation, ribosomal structure and biogenesis",#000000,
b3500,gor,3646299,0.0031243119,Energy production and conversion,#90ee90,
b3501,arsR,3648528,0.0423236191,Transcription,#f4a460,
b3502,arsB,3648935,0.0125457429,"Intracellular trafficking, secretion, and vesicular transport",#8b4513,
b3503,arsC,3650237,0.015463194000000001,Inorganic ion transport and metabolism,#0000ff,
b3504,yhiS,3651291,-0.0058323413,No COG annotation,#87cefa,
b3505,insH-11,3652182,0.0012674405,"Replication, recombination and repair",#ff00ff,
b3506,slp,3653961,-0.0309112263,Cell wall/membrane/envelope biogenesis,#c71585,
b3507,dctR,3654683,-0.0059582091,Transcription,#f4a460,
b3508,yhiD,3655255,0.0041340987,Function unknown,#708090,
b3509,hdeB,3655966,0.0155101556,Cell wall/membrane/envelope biogenesis,#c71585,
b3510,hdeA,3656408,0.0070000225000000004,Cell wall/membrane/envelope biogenesis,#c71585,
b3511,hdeD,3656995,0.0048380337,Function unknown,#708090,
b3512,gadE,3658366,-0.0290112766,Transcription,#f4a460,
b3513,mdtE,3659232,0.0037746117,Cell wall/membrane/envelope biogenesis,#c71585,
b3514,mdtF,3660414,0.0001364128,Defense mechanisms,#d3d3d3,
b3515,gadW,3663890,-0.0091703345,Transcription,#f4a460,
b3516,gadX,3664986,-0.0037370498,Transcription,#f4a460,
b3517,gadA,3666180,-0.0054323441,Amino acid transport and metabolism,#ff0000,
b3518,ccp,3667791,-0.0051096049,Energy production and conversion,#90ee90,
b3519,treF,3669592,0.0052982488000000005,Carbohydrate transport and metabolism,#ffc0cb,
b3520,yhjB,3671292,0.0064649488,Transcription,#f4a460,
b3521,yhjC,3672414,-0.014070968500000001,Transcription,#f4a460,
b3522,yhjD,3673362,-0.0060485913,Function unknown,#708090,
b3523,yhjE,3674786,0.0037863647,Inorganic ion transport and metabolism,#0000ff,
b3524,yhjG,3676290,-0.0076329787,Cell wall/membrane/envelope biogenesis,#c71585,
b3525,pdeH,3678420,-0.0075826888,Signal transduction mechanisms,#00ff00,
b3526,kdgK,3679419,-0.00632063,Carbohydrate transport and metabolism,#ffc0cb,
b3527,yhjJ,3680444,-0.0023770668,Function unknown,#708090,
b3528,dctA,3682161,-0.015050258700000001,Energy production and conversion,#90ee90,
b3529,pdeK,3683630,-0.0121118261,Signal transduction mechanisms,#00ff00,
b3530,bcsC,3685700,-0.0035319118000000003,"Post-translational modification, protein turnover,and chaperones",#87ceeb,
b3531,bcsZ,3689155,0.013825696,Carbohydrate transport and metabolism,#ffc0cb,
b3532,bcsB,3690268,0.0004428734,Cell wall/membrane/envelope biogenesis,#c71585,
b3533,bcsA,3692618,0.0043101961,Cell wall/membrane/envelope biogenesis,#c71585,
b3534,bcsQ,3695233,-0.0057736732,"Cell cycle control, cell division, chromosome partitioning",#bfbf00,
b3535,yhjR,3695997,-0.0058782107,Function unknown,#708090,
b3536,bcsE,3696458,-0.012386471500000001,Function unknown,#708090,
b3537,bcsF,3698026,-0.0017177398,Function unknown,#708090,
b3538,bcsG,3698214,-0.0007584708000000001,Function unknown,#708090,
b4453,ldrD,3699980,0.0075230723,Function unknown,#708090,
b3539,yhjV,3700563,-0.0131876502,Amino acid transport and metabolism,#ff0000,
b3540,dppF,3701864,-0.0034859476000000003,Inorganic ion transport and metabolism,#0000ff,
b3541,dppD,3702865,0.010038995700000001,Amino acid transport and metabolism,#ff0000,
b3542,dppC,3703859,-0.0086639901,Amino acid transport and metabolism,#ff0000,
b3543,dppB,3704771,0.0013862356,Amino acid transport and metabolism,#ff0000,
b3544,dppA,3706098,0.0066432504,Amino acid transport and metabolism,#ff0000,
b3546,eptB,3708784,-0.0017478998,Function unknown,#708090,
b3547,yhjX,3710799,-0.0010672127000000001,Inorganic ion transport and metabolism,#0000ff,
b3548,yhjY,3712236,-0.0072130513,Cell motility,#da70d6,
b3549,tag,3713092,-0.0109703062,"Replication, recombination and repair",#ff00ff,
b3550,yiaC,3713652,0.0026766561,Transcription,#f4a460,
b3551,bisC,3714061,-0.0016286786000000001,Energy production and conversion,#90ee90,
b3552,yiaD,3716547,0.0065457431,Cell wall/membrane/envelope biogenesis,#c71585,
b3553,ghrB,3717310,-0.0012299897000000001,Energy production and conversion,#90ee90,
b3554,yiaF,3718334,0.0051694552,Function unknown,#708090,
b3555,yiaG,3719478,-0.0017971419,Transcription,#f4a460,
b3556,cspA,3720049,0.0032849592,Transcription,#f4a460,
b4455,hokA,3720448,-0.0018841267,Function unknown,#708090,
b3557,insJ,3720680,0.001476204,"Replication, recombination and repair",#ff00ff,
b3558,insK,3721198,0.0279044087,"Replication, recombination and repair",#ff00ff,
b3559,glyS,3722328,-0.0097299341,"Translation, ribosomal structure and biogenesis",#000000,
b3560,glyQ,3724407,-0.0095791563,"Translation, ribosomal structure and biogenesis",#000000,
b4553,ysaB,3725413,0.0006739702,Function unknown,#708090,
b3561,wecH,3725887,0.012456076200000001,Function unknown,#708090,
b3562,yiaA,3726924,0.0045306938,Function unknown,#708090,
b3563,yiaB,3727407,0.0030293616,Function unknown,#708090,
b3564,xylB,3727917,-0.0169704836,Nucleotide transport and metabolism,#00bfbf,
b3565,xylA,3729443,0.008771459300000001,Carbohydrate transport and metabolism,#ffc0cb,
b3566,xylF,3731131,0.0056244571,Carbohydrate transport and metabolism,#ffc0cb,
b3567,xylG,3732201,-0.0002730886,Carbohydrate transport and metabolism,#ffc0cb,
b3568,xylH,3733720,-0.016769637400000002,Carbohydrate transport and metabolism,#ffc0cb,
b3569,xylR,3734979,0.0022517909,Transcription,#f4a460,
b3570,bax,3736353,-0.0021323696,Function unknown,#708090,
b3571,malS,3737497,0.0029649591,Carbohydrate transport and metabolism,#ffc0cb,
b3572,avtA,3739705,0.0049056073,Amino acid transport and metabolism,#ff0000,
b3573,ysaA,3741109,0.0054618965000000005,Energy production and conversion,#90ee90,
b3574,plaR,3741684,-0.0020614618,Transcription,#f4a460,
b3575,yiaK,3742733,-0.0128262914,Energy production and conversion,#90ee90,
b3576,yiaL,3743743,0.0422667486,Carbohydrate transport and metabolism,#ffc0cb,
b3577,yiaM,3744328,-0.0071614925,Carbohydrate transport and metabolism,#ffc0cb,
b3578,yiaN,3744804,-0.0093409949,Inorganic ion transport and metabolism,#0000ff,
b3579,yiaO,3746094,0.0074600142,Carbohydrate transport and metabolism,#ffc0cb,
b3580,lyxK,3747084,0.012153434900000001,Carbohydrate transport and metabolism,#ffc0cb,
b3581,sgbH,3748577,-0.0027688093,Carbohydrate transport and metabolism,#ffc0cb,
b3582,sgbU,3749232,-0.0086200224,Carbohydrate transport and metabolism,#ffc0cb,
b3583,sgbE,3750086,-0.007322021200000001,Carbohydrate transport and metabolism,#ffc0cb,
b3584,yiaT,3751128,0.0040092551,Cell wall/membrane/envelope biogenesis,#c71585,
b3585,yiaU,3751992,-0.017154746800000002,Transcription,#f4a460,
b3586,yiaV,3752963,-0.0017899834000000001,Defense mechanisms,#d3d3d3,
b3588,aldB,3754973,-0.0401339313,Energy production and conversion,#90ee90,
b3589,yiaY,3756676,0.0010029343000000001,Energy production and conversion,#90ee90,
b3590,selB,3758017,-0.0006194784,"Translation, ribosomal structure and biogenesis",#000000,
b3591,selA,3759858,-0.005988158600000001,"Translation, ribosomal structure and biogenesis",#000000,
b3592,yibF,3761347,-0.0056829543,"Post-translational modification, protein turnover,and chaperones",#87ceeb,
b3593,rhsA,3762183,0.005751167000000001,Cell wall/membrane/envelope biogenesis,#c71585,
b3594,yibA,3766337,0.0060581208000000004,Energy production and conversion,#90ee90,
b3595,yibJ,3767221,0.0272531124,Cell wall/membrane/envelope biogenesis,#c71585,
b3596,yibG,3768177,0.0150088215,Function unknown,#708090,
b4615,yibV,3769345,-0.0018079145,Function unknown,#708090,
b3597,yibH,3770243,-0.023172793400000002,Defense mechanisms,#d3d3d3,
b3598,yibI,3771382,-0.0048798689,Function unknown,#708090,
b3599,mtlA,3772281,0.008427422,Carbohydrate transport and metabolism,#ffc0cb,
b3600,mtlD,3774424,0.0088385726,Carbohydrate transport and metabolism,#ffc0cb,
b3601,mtlR,3775572,0.010512506900000001,Transcription,#f4a460,
b4554,yibT,3776171,0.0126769134,Function unknown,#708090,
b3602,yibL,3776665,0.0022733533,Function unknown,#708090,
b3603,lldP,3777399,-0.0030935437,Energy production and conversion,#90ee90,
b3604,lldR,3779054,0.0017342243,Transcription,#f4a460,
b3605,lldD,3779827,0.000966624,Energy production and conversion,#90ee90,
b3606,trmL,3781215,0.0009292015,"Translation, ribosomal structure and biogenesis",#000000,
b3607,cysE,3781741,-0.0018488288000000001,Amino acid transport and metabolism,#ff0000,
b3608,gpsA,3782642,0.0069776109,Lipid transport and metabolism,#40e0d0,
b3609,secB,3783661,0.0053300392,"Intracellular trafficking, secretion, and vesicular transport",#8b4513,
b3610,grxC,3784191,-0.0131411883,"Post-translational modification, protein turnover,and chaperones",#87ceeb,
b3611,yibN,3784584,-0.0018582730000000001,Inorganic ion transport and metabolism,#0000ff,
b3612,gpmM,3785260,-0.0031986103000000003,Nucleotide transport and metabolism,#00bfbf,
b3613,envC,3786838,-0.0086304972,"Cell cycle control, cell division, chromosome partitioning",#bfbf00,
b3614,yibQ,3788101,0.0053656372,Function unknown,#708090,
b3615,waaH,3789047,0.0002095598,Function unknown,#708090,
b3616,tdh,3790320,-0.012054861200000001,Amino acid transport and metabolism,#ff0000,
b3617,kbl,3791355,-0.0116069469,Coenzyme transport and metabolism,#008000,
b3618,htrL,3792826,-0.014988262,Function unknown,#708090,
b3619,rfaD,3793987,-0.0039239374,Nucleotide transport and metabolism,#00bfbf,
b3620,waaF,3794929,0.001648177,Cell wall/membrane/envelope biogenesis,#c71585,
b3621,waaC,3795979,0.0047065245,Cell wall/membrane/envelope biogenesis,#c71585,
b3622,waaL,3796948,0.0063859029000000005,Cell wall/membrane/envelope biogenesis,#c71585,
b3623,waaU,3798239,-0.0015010339,Cell wall/membrane/envelope biogenesis,#c71585,
b3624,waaZ,3799345,0.008873197000000001,"Translation, ribosomal structure and biogenesis",#000000,
b3625,waaY,3800267,-0.0056954565,Signal transduction mechanisms,#00ff00,
b3626,waaJ,3800983,-0.014861006900000001,Cell wall/membrane/envelope biogenesis,#c71585,
b3627,waaO,3802039,-0.0078663793,Cell wall/membrane/envelope biogenesis,#c71585,
b3628,waaB,3803058,-0.0026738878,Cell wall/membrane/envelope biogenesis,#c71585,
b3629,waaS,3804181,0.01012007,Cell wall/membrane/envelope biogenesis,#c71585,
b3630,waaP,3805153,0.0070943513,Nucleotide transport and metabolism,#00bfbf,
b3631,waaG,3805943,0.0041459984,Cell wall/membrane/envelope biogenesis,#c71585,
b3632,waaQ,3807064,-0.00044254330000000004,Cell wall/membrane/envelope biogenesis,#c71585,
b3633,waaA,3808540,-0.0081708691,Cell wall/membrane/envelope biogenesis,#c71585,
b3634,coaD,3809825,-0.0071465288,Nucleotide transport and metabolism,#00bfbf,
b3635,mutM,3810343,0.0017235775,"Replication, recombination and repair",#ff00ff,
b3636,rpmG,3811250,-0.0021295288,"Translation, ribosomal structure and biogenesis",#000000,
b3637,rpmB,3811438,0.0053067101000000005,"Translation, ribosomal structure and biogenesis",#000000,
b3638,yicR,3811891,0.010686807500000001,Amino acid transport and metabolism,#ff0000,
b3639,dfp,3812731,-0.0040690431,Nucleotide transport and metabolism,#00bfbf,
b3640,dut,3813932,0.00841324,Nucleotide transport and metabolism,#00bfbf,
b3641,slmA,3814494,-2.30027e-05,Transcription,#f4a460,
b3642,pyrE,3815127,-0.0078767058,Nucleotide transport and metabolism,#00bfbf,
b3643,rph,3815863,0.0044595968,"Translation, ribosomal structure and biogenesis",#000000,
b3644,yicC,3816676,-0.010075144900000001,Function unknown,#708090,
b3645,dinD,3817760,-0.0092629575,Function unknown,#708090,
b3646,yicG,3818874,0.0135025565,Function unknown,#708090,
b3647,ligB,3819488,-0.0012115722,"Replication, recombination and repair",#ff00ff,
b3648,gmk,3821428,0.0002132984,Nucleotide transport and metabolism,#00bfbf,
b3649,rpoZ,3822106,-0.0119636408,Transcription,#f4a460,
b3650,spoT,3822400,-0.0032048069,Nucleotide transport and metabolism,#00bfbf,
b3651,trmH,3824515,0.0013763128,"Translation, ribosomal structure and biogenesis",#000000,
b3652,recG,3825210,-0.0009496628,"Replication, recombination and repair",#ff00ff,
b3653,gltS,3827460,-0.0062817044,Inorganic ion transport and metabolism,#0000ff,
b3654,xanP,3828945,0.0184443037,Nucleotide transport and metabolism,#00bfbf,
b3655,yicH,3830457,0.0043018724,Cell wall/membrane/envelope biogenesis,#c71585,
b3656,yicI,3832219,-0.0094121453,Carbohydrate transport and metabolism,#ffc0cb,
b3657,yicJ,3834547,0.0079179857,Carbohydrate transport and metabolism,#ffc0cb,
b3659,setC,3836953,0.0021988245,Inorganic ion transport and metabolism,#0000ff,
b3660,yicL,3838248,0.007376231600000001,Amino acid transport and metabolism,#ff0000,
b3661,nlpA,3839175,0.0123153088,Cell wall/membrane/envelope biogenesis,#c71585,
b4555,yicS,3840215,0.020460169,No COG annotation,#87cefa,
b3662,nepI,3840549,0.0060583162,Amino acid transport and metabolism,#ff0000,
b3663,yicN,3841950,-0.0011415111,Function unknown,#708090,
b3664,adeQ,3842455,0.017779346,Function unknown,#708090,
b3665,adeD,3843964,0.0044882934,Nucleotide transport and metabolism,#00bfbf,
b3666,uhpT,3845776,-0.0035930202000000002,Inorganic ion transport and metabolism,#0000ff,
b3667,uhpC,3847305,-0.0033981291,Carbohydrate transport and metabolism,#ffc0cb,
b3668,uhpB,3848634,0.0061250035,Signal transduction mechanisms,#00ff00,
b3669,uhpA,3850136,0.0037030667000000003,Transcription,#f4a460,
b3670,ilvN,3850802,0.0096559164,Amino acid transport and metabolism,#ff0000,
b3671,ilvB,3851096,0.0010667173000000001,Coenzyme transport and metabolism,#008000,
b3673,emrD,3853922,-0.0149612754,Amino acid transport and metabolism,#ff0000,
b3674,yidF,3855114,-0.0165798918,Transcription,#f4a460,
b3675,yidG,3855608,-0.0062821973,Function unknown,#708090,
b3676,yidH,3855960,-0.013063679600000001,Function unknown,#708090,
b3677,yidI,3856415,-0.0002710455,No COG annotation,#87cefa,
b3678,yidJ,3856911,-0.0150768833,Inorganic ion transport and metabolism,#0000ff,
b3679,yidK,3858401,-0.0042400804,Amino acid transport and metabolism,#ff0000,
b3680,yidL,3860283,0.0046373427,Transcription,#f4a460,
b3681,glvG,3861349,-0.0036342684,Carbohydrate transport and metabolism,#ffc0cb,
b3682,glvB,3861987,-0.0144665321,Carbohydrate transport and metabolism,#ffc0cb,
b3683,glvC,3862497,-0.0107770192,Carbohydrate transport and metabolism,#ffc0cb,
b3684,yidP,3863899,-0.0022456015,Transcription,#f4a460,
b3685,yidE,3864612,-0.0001675471,Inorganic ion transport and metabolism,#0000ff,
b3686,ibpB,3866469,-0.0014548148,"Post-translational modification, protein turnover,and chaperones",#87ceeb,
b3687,ibpA,3867009,0.0210018392,"Post-translational modification, protein turnover,and chaperones",#87ceeb,
b3688,yidQ,3867728,0.0067286087,Function unknown,#708090,
b3689,yidR,3868062,-0.0006822319,"Intracellular trafficking, secretion, and vesicular transport",#8b4513,
b3690,cbrA,3869377,0.0054213012,Energy production and conversion,#90ee90,
b3691,dgoT,3870438,0.008656848600000001,Inorganic ion transport and metabolism,#0000ff,
b4478,dgoD,3871850,0.008442801,Cell wall/membrane/envelope biogenesis,#c71585,
b4477,dgoA,3872995,0.0344410138,Carbohydrate transport and metabolism,#ffc0cb,
b3693,dgoK,3873596,-0.0057015718,Carbohydrate transport and metabolism,#ffc0cb,
b4479,dgoR,3874471,0.0056941114,Transcription,#f4a460,
b3696,yidX,3875438,-0.0050620962,No COG annotation,#87cefa,
b3697,yidA,3876140,-0.003051072,Function unknown,#708090,
b3698,yidB,3877067,-0.0039521755,Function unknown,#708090,
b3699,gyrB,3877705,0.0006977339000000001,"Replication, recombination and repair",#ff00ff,
b3700,recF,3880148,-0.0025907048,"Replication, recombination and repair",#ff00ff,
b3701,dnaN,3881221,-0.0051365798,"Replication, recombination and repair",#ff00ff,
b3702,dnaA,3882326,-0.0052092305,"Replication, recombination and repair",#ff00ff,
b3703,rpmH,3884336,-0.0047319182,"Translation, ribosomal structure and biogenesis",#000000,
b3704,rnpA,3884493,0.0045752409,"Translation, ribosomal structure and biogenesis",#000000,
b4557,yidD,3884816,0.0043804481,Function unknown,#708090,
b3705,yidC,3885076,-0.0070328034,"Intracellular trafficking, secretion, and vesicular transport",#8b4513,
b3706,mnmE,3886828,0.0042213291,"Translation, ribosomal structure and biogenesis",#000000,
b3708,tnaA,3888730,-0.020648187300000002,Amino acid transport and metabolism,#ff0000,
b3709,tnaB,3890236,-0.0029288727,Amino acid transport and metabolism,#ff0000,
b3710,mdtL,3891615,0.014810881100000001,Amino acid transport and metabolism,#ff0000,
b3711,yidZ,3892765,-0.012351419800000001,Transcription,#f4a460,
b3712,yieE,3893881,-0.027983037500000002,Coenzyme transport and metabolism,#008000,
b3713,yieF,3894652,-0.0096292967,Function unknown,#708090,
b3714,adeP,3895272,0.009647633000000001,Function unknown,#708090,
b3715,yieH,3896774,-0.0021978994000000003,Function unknown,#708090,
b3716,cbrB,3897506,-0.0034178347,No COG annotation,#87cefa,
b3717,cbrC,3898022,0.02399289,Function unknown,#708090,
b3718,yieK,3898671,0.0093492088,Carbohydrate transport and metabolism,#ffc0cb,
b3719,yieL,3899408,0.0209871131,Inorganic ion transport and metabolism,#0000ff,
b3720,bglH,3900604,-0.0058863389,Cell wall/membrane/envelope biogenesis,#c71585,
b3721,bglB,3902289,0.007923213,Carbohydrate transport and metabolism,#ffc0cb,
b3722,bglF,3903720,0.000388108,Carbohydrate transport and metabolism,#ffc0cb,
b3723,bglG,3905731,0.014692358400000001,Transcription,#f4a460,
b3724,phoU,3906853,0.030731436,Inorganic ion transport and metabolism,#0000ff,
b3725,pstB,3907593,-0.0016875361000000001,Inorganic ion transport and metabolism,#0000ff,
b3726,pstA,3908549,0.0202851293,Inorganic ion transport and metabolism,#0000ff,
b3727,pstC,3909439,0.0017399018000000001,Inorganic ion transport and metabolism,#0000ff,
b3728,pstS,3910485,-0.0131825762,Inorganic ion transport and metabolism,#0000ff,
b3729,glmS,3911839,0.0157099337,Cell wall/membrane/envelope biogenesis,#c71585,
b3730,glmU,3913830,0.0116978462,Cell wall/membrane/envelope biogenesis,#c71585,
b3731,atpC,3915553,-0.0059226292000000005,Energy production and conversion,#90ee90,
b3732,atpD,3915993,-0.0027027555,Nucleotide transport and metabolism,#00bfbf,
b3733,atpG,3917402,-0.0059262143000000005,Energy production and conversion,#90ee90,
b3734,atpA,3918316,-0.0020319399000000003,Nucleotide transport and metabolism,#00bfbf,
b3735,atpH,3919870,0.0021302729,Energy production and conversion,#90ee90,
b3736,atpF,3920418,-0.0017933823000000002,Energy production and conversion,#90ee90,
b3737,atpE,3920950,-0.0037796099,Energy production and conversion,#90ee90,
b3738,atpB,3921236,0.0023698742,Energy production and conversion,#90ee90,
b3739,atpI,3922060,-0.0025810466000000002,Energy production and conversion,#90ee90,
b3740,rsmG,3923057,0.0065090396000000005,"Translation, ribosomal structure and biogenesis",#000000,
b3741,mnmG,3923744,-0.0033417691,"Cell cycle control, cell division, chromosome partitioning",#bfbf00,
b3742,mioC,3926012,-0.0110485101,Energy production and conversion,#90ee90,
b3743,asnC,3926545,-0.0104295816,Transcription,#f4a460,
b3744,asnA,3927155,0.0099593198,Nucleotide transport and metabolism,#00bfbf,
b3745,viaA,3928152,-0.004742961600000001,Function unknown,#708090,
b3746,ravA,3929597,-0.011901089200000001,Function unknown,#708090,
b3747,kup,3931316,-0.00032151900000000004,Inorganic ion transport and metabolism,#0000ff,
b3748,rbsD,3933351,-0.0171835595,Carbohydrate transport and metabolism,#ffc0cb,
b3749,rbsA,3933778,0.0103332892,Inorganic ion transport and metabolism,#0000ff,
b3750,rbsC,3935288,-0.0031396652000000003,Carbohydrate transport and metabolism,#ffc0cb,
b3751,rbsB,3936278,-0.0063793671,Carbohydrate transport and metabolism,#ffc0cb,
b3752,rbsK,3937294,0.0126241552,Nucleotide transport and metabolism,#00bfbf,
b3753,rbsR,3938227,0.0093324823,Transcription,#f4a460,
b3754,hsrA,3939185,-0.004314784,Amino acid transport and metabolism,#ff0000,
b3755,yieP,3940635,-0.0009456112,Transcription,#f4a460,
b4480,hdfR,3947128,-0.0205458063,Transcription,#f4a460,
b3764,maoP,3948086,-0.0082144865,Function unknown,#708090,
b3765,yifB,3948449,-0.0165233915,"Post-translational modification, protein turnover,and chaperones",#87ceeb,
b4488,ilvG,3950560,0.0037614943000000003,Coenzyme transport and metabolism,#008000,
b3769,ilvM,3952201,0.0006291073,Amino acid transport and metabolism,#ff0000,
b3770,ilvE,3952484,-8.28146e-05,Amino acid transport and metabolism,#ff0000,
b3771,ilvD,3953478,-0.0017892718,Amino acid transport and metabolism,#ff0000,
b3772,ilvA,3955331,-0.0011963707,Amino acid transport and metabolism,#ff0000,
b3773,ilvY,3956927,0.0105621038,Transcription,#f4a460,
b3774,ilvC,3957970,-0.0088332405,Amino acid transport and metabolism,#ff0000,
b3775,ppiC,3959532,0.0102331209,"Post-translational modification, protein turnover,and chaperones",#87ceeb,
b3777,yifN,3960012,0.0178673941,Function unknown,#708090,
b3778,rep,3960677,0.0094148468,"Replication, recombination and repair",#ff00ff,
b3779,gpp,3962745,0.0021181113,Nucleotide transport and metabolism,#00bfbf,
b3780,rhlB,3964365,-0.0007109133000000001,"Translation, ribosomal structure and biogenesis",#000000,
b3781,trxA,3965761,-0.0046343204,"Post-translational modification, protein turnover,and chaperones",#87ceeb,
b3782,rhoL,3966231,-0.0055904864000000005,No COG annotation,#87cefa,
b3783,rho,3966417,0.009178647,Transcription,#f4a460,
b3784,rfe,3967916,-0.0021597988,Cell wall/membrane/envelope biogenesis,#c71585,
b3785,wzzE,3969031,-0.0025245552,Cell wall/membrane/envelope biogenesis,#c71585,
b3786,wecB,3970133,-0.0035719827000000003,Cell wall/membrane/envelope biogenesis,#c71585,
b3787,wecC,3971260,-0.0039061025,Cell wall/membrane/envelope biogenesis,#c71585,
b3788,rffG,3972522,-0.0007777234,Cell wall/membrane/envelope biogenesis,#c71585,
b3789,rffH,3973608,-0.011359701000000002,Coenzyme transport and metabolism,#008000,
b3790,rffC,3974467,-0.0131355638,Transcription,#f4a460,
b3791,wecE,3975146,-0.0126704187,Amino acid transport and metabolism,#ff0000,
b3792,wzxE,3976278,-0.0051004908,"Intracellular trafficking, secretion, and vesicular transport",#8b4513,
b4481,rffT,3977525,-0.0060036937,Energy production and conversion,#90ee90,
b3793,wzyE,3978601,-0.0098245866,Function unknown,#708090,
b3794,rffM,3979956,0.0035793716000000002,Cell wall/membrane/envelope biogenesis,#c71585,
b3795,yifK,3980887,0.0024596522,Amino acid transport and metabolism,#ff0000,
b3800,aslB,3982958,0.004614653000000001,Energy production and conversion,#90ee90,
b3801,aslA,3984352,-0.016943909,Inorganic ion transport and metabolism,#0000ff,
b3802,hemY,3986686,0.0005112280000000001,Coenzyme transport and metabolism,#008000,
b3803,hemX,3987885,-0.002048456,Coenzyme transport and metabolism,#008000,
b3804,hemD,3989088,0.0027959151,Coenzyme transport and metabolism,#008000,
b3805,hemC,3989825,0.0029118735000000003,Coenzyme transport and metabolism,#008000,
b3806,cyaA,3991153,0.0160239983,Nucleotide transport and metabolism,#00bfbf,
b3807,cyaY,3993739,0.0175481401,Inorganic ion transport and metabolism,#0000ff,
b3808,yzcX,3993850,-0.0210533668,No COG annotation,#87cefa,
b4558,yifL,3994522,0.0017957324,Cell motility,#da70d6,
b3809,dapF,3994762,-0.0038430275000000003,Amino acid transport and metabolism,#ff0000,
b3810,yigA,3995583,-0.0021406152000000003,Function unknown,#708090,
b3811,xerC,3996287,0.0027131179,"Cell cycle control, cell division, chromosome partitioning",#bfbf00,
b3812,yigB,3997183,0.007787633800000001,Function unknown,#708090,
b3813,uvrD,3997983,-0.0049308736,"Replication, recombination and repair",#ff00ff,
b4482,yigE,4000292,0.0022598297,Function unknown,#708090,
b3816,corA,4001426,0.0080315956,Inorganic ion transport and metabolism,#0000ff,
b3817,yigF,4002419,0.0016640967000000001,Function unknown,#708090,
b3818,yigG,4002813,0.0402150383,No COG annotation,#87cefa,
b3819,rarD,4003288,-0.0043676545,Function unknown,#708090,
b3820,yigI,4004230,0.0026592496,"Secondary metabolites biosynthesis, transport, and catabolism",#1e90ff,
b3821,pldA,4004862,-0.011784456700000001,Cell wall/membrane/envelope biogenesis,#c71585,
b3822,recQ,4005864,-0.0057082972,"Replication, recombination and repair",#ff00ff,
b3823,rhtC,4007757,0.0067706699,Amino acid transport and metabolism,#ff0000,
b3824,rhtB,4008439,0.0238508877,Amino acid transport and metabolism,#ff0000,
b3825,pldB,4009170,-0.0040809953,Lipid transport and metabolism,#40e0d0,
b3826,yigL,4010200,-0.0050083002,Function unknown,#708090,
b3827,bioP,4011076,0.0023275162,Amino acid transport and metabolism,#ff0000,
b3828,metR,4011863,0.00039414910000000003,Transcription,#f4a460,
b3829,metE,4013053,0.0186633273,Amino acid transport and metabolism,#ff0000,
b3830,ysgA,4015354,-0.0020693392,"Secondary metabolites biosynthesis, transport, and catabolism",#1e90ff,
b3831,udp,4016431,-0.0029952676,Nucleotide transport and metabolism,#00bfbf,
b3832,rmuC,4017333,-0.0039609718,Function unknown,#708090,
b3833,ubiE,4018855,-0.0076474444,Coenzyme transport and metabolism,#008000,
b3834,ubiJ,4019624,0.0010537923000000001,Function unknown,#708090,
b3835,ubiB,4020226,0.0004403149,Coenzyme transport and metabolism,#008000,
b3836,tatA,4021945,-0.013993604000000001,"Intracellular trafficking, secretion, and vesicular transport",#8b4513,
b3838,tatB,4022218,-0.0064003232,"Intracellular trafficking, secretion, and vesicular transport",#8b4513,
b3839,tatC,4022736,2.70286e-05,"Intracellular trafficking, secretion, and vesicular transport",#8b4513,
b4483,tatD,4023554,-0.009819761,"Replication, recombination and repair",#ff00ff,
b3842,rfaH,4024333,-0.0196992707,Transcription,#f4a460,
b3843,ubiD,4024988,-0.0031172741,Coenzyme transport and metabolism,#008000,
b3844,fre,4026527,0.0043376084,Energy production and conversion,#90ee90,
b3845,fadA,4027609,-0.0031491252,Lipid transport and metabolism,#40e0d0,
b3846,fadB,4028782,-0.0004229692,Lipid transport and metabolism,#40e0d0,
b3847,pepQ,4031161,0.0068451606000000005,Amino acid transport and metabolism,#ff0000,
b3848,yigZ,4032492,0.0128012192,Function unknown,#708090,
b3849,trkH,4033145,-0.0042160335,Inorganic ion transport and metabolism,#0000ff,
b3850,hemG,4034608,-0.000354252,Coenzyme transport and metabolism,#008000,
b3856,mobB,4040906,0.0006317678,Coenzyme transport and metabolism,#008000,
b3857,mobA,4041415,0.0030287733,Nucleotide transport and metabolism,#00bfbf,
b3858,yihD,4042069,0.0005674481,Function unknown,#708090,
b3859,srkA,4042415,-0.013493656900000001,Nucleotide transport and metabolism,#00bfbf,
b3860,dsbA,4043418,-0.0048730723000000005,"Post-translational modification, protein turnover,and chaperones",#87ceeb,
b3861,yihF,4044199,0.012741509600000001,Function unknown,#708090,
b3862,yihG,4045670,0.0027574402,Lipid transport and metabolism,#40e0d0,
b3863,polA,4046966,0.0042386221000000005,"Replication, recombination and repair",#ff00ff,
b3865,yihA,4050133,0.0098666641,"Cell cycle control, cell division, chromosome partitioning",#bfbf00,
b3866,yihI,4051347,-0.0090576962,Function unknown,#708090,
b3867,hemN,4052045,-0.0061317036,Coenzyme transport and metabolism,#008000,
b4686,yshB,4053647,-0.0424587961,No COG annotation,#87cefa,
b3868,ntrC,4053869,-0.0090474897,Signal transduction mechanisms,#00ff00,
b3869,glnL,4055290,-0.0011506259,Nucleotide transport and metabolism,#00bfbf,
b3870,glnA,4056625,0.018891067100000002,Nucleotide transport and metabolism,#00bfbf,
b3871,bipA,4058407,-0.0120664232,Signal transduction mechanisms,#00ff00,
b3872,yihL,4060447,0.0073934659,Transcription,#f4a460,
b3873,yihM,4061165,0.025079602200000002,Carbohydrate transport and metabolism,#ffc0cb,
b3874,yihN,4062247,0.0053151344,Inorganic ion transport and metabolism,#0000ff,
b3875,ompL,4063603,-0.0169442819,Cell wall/membrane/envelope biogenesis,#c71585,
b3876,yihO,4064363,0.0014279384,Carbohydrate transport and metabolism,#ffc0cb,
b3877,yihP,4065809,0.0039332428,Carbohydrate transport and metabolism,#ffc0cb,
b3878,yihQ,4067240,-0.0161967125,Carbohydrate transport and metabolism,#ffc0cb,
b3879,yihR,4069475,0.0082247697,Carbohydrate transport and metabolism,#ffc0cb,
b3880,yihS,4070515,-0.00016265800000000001,Carbohydrate transport and metabolism,#ffc0cb,
b3881,yihT,4071773,0.0069783624,Carbohydrate transport and metabolism,#ffc0cb,
b3882,yihU,4072675,0.0059842341,Lipid transport and metabolism,#40e0d0,
b3883,yihV,4073739,-0.0060229571,Nucleotide transport and metabolism,#00bfbf,
b3884,csqR,4074669,-0.0104866096,Transcription,#f4a460,
b3885,yihX,4075553,-0.0077651033,Function unknown,#708090,
b3886,yihY,4076146,-0.0014074150000000002,Function unknown,#708090,
b3887,dtd,4077015,0.0065866121,"Translation, ribosomal structure and biogenesis",#000000,
b3888,yiiD,4077449,0.0086103372,Transcription,#f4a460,
b3890,yiiF,4079751,-0.0333977458,Transcription,#f4a460,
b3891,fdhE,4080299,0.0006689462,"Post-translational modification, protein turnover,and chaperones",#87ceeb,
b3892,fdoI,4081225,-0.0091423951,Energy production and conversion,#90ee90,
b3893,fdoH,4081857,0.0096751943,Energy production and conversion,#90ee90,
b3894,fdoG,4082772,0.0042435803,Energy production and conversion,#90ee90,
b3895,fdhD,4086016,0.0167589927,"Translation, ribosomal structure and biogenesis",#000000,
b3896,yiiG,4087002,-0.0147095881,Function unknown,#708090,
b3897,frvR,4088107,-0.0106664466,Carbohydrate transport and metabolism,#ffc0cb,
b3898,frvX,4089855,0.0172487262,Carbohydrate transport and metabolism,#ffc0cb,
b3899,frvB,4090915,-0.0010436696,Carbohydrate transport and metabolism,#ffc0cb,
b3900,frvA,4092377,0.0041203188,Carbohydrate transport and metabolism,#ffc0cb,
b3901,rhaM,4093124,0.0071015691,Carbohydrate transport and metabolism,#ffc0cb,
b3902,rhaD,4093448,-0.0020777384,Carbohydrate transport and metabolism,#ffc0cb,
b3903,rhaA,4094723,-0.0067141403,Carbohydrate transport and metabolism,#ffc0cb,
b3904,rhaB,4095979,0.0013781669,Nucleotide transport and metabolism,#00bfbf,
b3905,rhaS,4097736,0.0038914540000000004,Transcription,#f4a460,
b3906,rhaR,4098646,-0.0063249867,Transcription,#f4a460,
b3907,rhaT,4099491,-0.0025223287,Amino acid transport and metabolism,#ff0000,
b3908,sodA,4100810,0.0094191775,Inorganic ion transport and metabolism,#0000ff,
b3909,kdgT,4101690,-0.0051301870000000005,"Intracellular trafficking, secretion, and vesicular transport",#8b4513,
b3910,yiiM,4102822,-0.006896817,Function unknown,#708090,
b3911,cpxA,4103602,0.0118987542,Signal transduction mechanisms,#00ff00,
b3912,cpxR,4104972,0.012036553,Transcription,#f4a460,
b4484,cpxP,4105820,0.015304117300000001,Cell motility,#da70d6,
b3915,fieF,4106469,0.0004476045,Inorganic ion transport and metabolism,#0000ff,
b3916,pfkA,4107552,-0.0014269081,Nucleotide transport and metabolism,#00bfbf,
b3917,sbp,4108834,0.0006343111000000001,Inorganic ion transport and metabolism,#0000ff,
b3918,cdh,4109930,-0.0091318701,Lipid transport and metabolism,#40e0d0,
b3919,tpiA,4110740,-0.008617158,Nucleotide transport and metabolism,#00bfbf,
b3920,yiiQ,4111615,0.0130160317,Function unknown,#708090,
b3921,yiiR,4112315,-0.0065705378,Function unknown,#708090,
b3922,yiiS,4112967,-0.0031629158,Function unknown,#708090,
b3923,uspD,4113293,-0.007924432300000001,Signal transduction mechanisms,#00ff00,
b3924,fpr,4113726,0.0089453564,Energy production and conversion,#90ee90,
b3925,glpX,4114569,0.0086371516,Carbohydrate transport and metabolism,#ffc0cb,
b3926,glpK,4115714,-0.0023211057,Nucleotide transport and metabolism,#00bfbf,
b3927,glpF,4117245,-0.0017761963000000002,Carbohydrate transport and metabolism,#ffc0cb,
b3928,zapB,4118515,-0.0058751625,"Cell cycle control, cell division, chromosome partitioning",#bfbf00,
b3929,rraA,4118845,-0.0111084627,Coenzyme transport and metabolism,#008000,
b3930,menA,4119423,0.006675515700000001,Coenzyme transport and metabolism,#008000,
b3931,hslU,4120416,-0.0099931991,"Post-translational modification, protein turnover,and chaperones",#87ceeb,
b3932,hslV,4121757,-0.0079786806,"Post-translational modification, protein turnover,and chaperones",#87ceeb,
b3933,ftsN,4122380,-0.0120982791,"Cell cycle control, cell division, chromosome partitioning",#bfbf00,
b3934,cytR,4123431,0.004872951600000001,Transcription,#f4a460,
b3935,priA,4124612,0.005538874300000001,"Replication, recombination and repair",#ff00ff,
b3936,rpmE,4127013,0.0093525291,"Translation, ribosomal structure and biogenesis",#000000,
b3937,yiiX,4127286,0.0044388427,Function unknown,#708090,
b3938,metJ,4128078,-0.019026716200000002,Transcription,#f4a460,
b3939,metB,4128672,-0.016045063000000002,Amino acid transport and metabolism,#ff0000,
b3940,metL,4129835,-0.0024220192,Amino acid transport and metabolism,#ff0000,
b3941,metF,4132616,0.0019906011,Amino acid transport and metabolism,#ff0000,
b3942,katG,4133835,-0.0238935113,Inorganic ion transport and metabolism,#0000ff,
b3943,yijE,4136108,-0.0087010618,Amino acid transport and metabolism,#ff0000,
b3944,yijF,4137040,-0.007836133,Function unknown,#708090,
b3945,gldA,4137932,0.0104373047,Energy production and conversion,#90ee90,
b3946,fsaB,4139046,0.012151754,Carbohydrate transport and metabolism,#ffc0cb,
b3947,ptsA,4139720,0.0021294277,Carbohydrate transport and metabolism,#ffc0cb,
b3949,frwC,4142530,0.0304462708,Carbohydrate transport and metabolism,#ffc0cb,
b3950,frwB,4143624,0.0050973234,Carbohydrate transport and metabolism,#ffc0cb,
b3951,pflD,4143995,-0.0148548924,Energy production and conversion,#90ee90,
b3952,pflC,4146258,-0.0090375075,"Post-translational modification, protein turnover,and chaperones",#87ceeb,
b3953,frwD,4147138,0.0233016355,Carbohydrate transport and metabolism,#ffc0cb,
b3954,yijO,4147466,-0.0032656300000000003,Transcription,#f4a460,
b3955,eptC,4148532,0.0005551190000000001,Function unknown,#708090,
b3956,ppc,4150447,-0.0114100126,Coenzyme transport and metabolism,#008000,
b3957,argE,4153696,0.0020381878,Amino acid transport and metabolism,#ff0000,
b3958,argC,4155001,-0.0003699439,Amino acid transport and metabolism,#ff0000,
b3959,argB,4156013,-0.0018174553,Nucleotide transport and metabolism,#00bfbf,
b3960,argH,4156850,-0.019559459300000002,Amino acid transport and metabolism,#ff0000,
b3961,oxyR,4158490,-0.018157325800000002,Transcription,#f4a460,
b3962,sthA,4159390,0.00019849210000000002,Energy production and conversion,#90ee90,
b3963,fabR,4161067,0.0118714298,Transcription,#f4a460,
b3964,yijD,4161771,0.0096442566,Function unknown,#708090,
b3965,trmA,4162170,-0.0052512338,"Translation, ribosomal structure and biogenesis",#000000,
b3966,btuB,4163639,-0.0075953404,Inorganic ion transport and metabolism,#0000ff,
b3967,murI,4165428,-0.0021089912000000002,Cell wall/membrane/envelope biogenesis,#c71585,
b3972,murB,4172057,-0.0122265208,Cell wall/membrane/envelope biogenesis,#c71585,
b3973,birA,4173082,-0.0004791082,Transcription,#f4a460,
b3974,coaA,4174076,-0.00044535740000000004,Nucleotide transport and metabolism,#00bfbf,
b3980,tufB,4175944,0.006528486500000001,"Translation, ribosomal structure and biogenesis",#000000,
b3981,secE,4177358,0.0134528983,"Intracellular trafficking, secretion, and vesicular transport",#8b4513,
b3982,nusG,4177743,0.0045615865,Transcription,#f4a460,
b3983,rplK,4178447,-0.0077680993,"Translation, ribosomal structure and biogenesis",#000000,
b3984,rplA,4178879,6.46797e-05,"Translation, ribosomal structure and biogenesis",#000000,
b3985,rplJ,4179996,0.0136107277,"Translation, ribosomal structure and biogenesis",#000000,
b3986,rplL,4180560,0.0137919003,"Translation, ribosomal structure and biogenesis",#000000,
b3987,rpoB,4181245,-0.0096862315,Transcription,#f4a460,
b3988,rpoC,4185350,-0.006938700700000001,Transcription,#f4a460,
b3989,yjaZ,4189786,-0.0053426734,No COG annotation,#87cefa,
b3990,thiH,4190735,-0.0091565126,Coenzyme transport and metabolism,#008000,
b3991,thiG,4191865,-0.0062960589,Coenzyme transport and metabolism,#008000,
b4407,thiS,4192637,0.0228697699,Coenzyme transport and metabolism,#008000,
b3992,thiF,4192821,0.0012953919,Coenzyme transport and metabolism,#008000,
b3993,thiE,4193569,-0.0029495615,Coenzyme transport and metabolism,#008000,
b3994,thiC,4194204,-0.0029419118,Coenzyme transport and metabolism,#008000,
b3995,rsd,4196332,0.0047045149,Transcription,#f4a460,
b3996,nudC,4196903,0.0038297076,"Replication, recombination and repair",#ff00ff,
b3997,hemE,4197716,0.006092403000000001,Coenzyme transport and metabolism,#008000,
b3998,nfi,4198790,-0.007383433000000001,"Replication, recombination and repair",#ff00ff,
b3999,yjaG,4199504,0.0071621032000000005,Function unknown,#708090,
b4000,hupA,4200281,0.014258818400000001,"Replication, recombination and repair",#ff00ff,
b4001,yjaH,4200566,-0.000890893,Function unknown,#708090,
b4002,zraP,4201263,0.002872185,Cell motility,#da70d6,
b4003,zraS,4201926,0.0087756881,Signal transduction mechanisms,#00ff00,
b4004,zraR,4203320,0.0175835678,Transcription,#f4a460,
b4005,purD,4204642,-0.0078194145,Nucleotide transport and metabolism,#00bfbf,
b4006,purH,4205943,-0.000541205,Nucleotide transport and metabolism,#00bfbf,
b4011,yjaA,4213234,0.0009483283,Function unknown,#708090,
b4012,yjaB,4213680,0.0013594940000000002,Transcription,#f4a460,
b4013,metA,4214280,0.010161801600000001,Amino acid transport and metabolism,#ff0000,
b4014,aceB,4215478,-0.0047630651,Coenzyme transport and metabolism,#008000,
b4015,aceA,4217109,0.0084393249,Energy production and conversion,#90ee90,
b4016,aceK,4218596,0.010742178000000002,Nucleotide transport and metabolism,#00bfbf,
b4017,arpA,4220301,0.0117964612,Function unknown,#708090,
b4018,iclR,4222804,-0.0066354940000000005,Transcription,#f4a460,
b4019,metH,4223828,0.0044285655,Coenzyme transport and metabolism,#008000,
b4020,yjbB,4227731,-0.0023969416000000003,Inorganic ion transport and metabolism,#0000ff,
b4021,pepE,4229453,0.010507274300000001,Amino acid transport and metabolism,#ff0000,
b4022,rluF,4230354,-0.0069687305,"Translation, ribosomal structure and biogenesis",#000000,
b4023,yjbD,4231359,0.0131994308,Function unknown,#708090,
b4024,lysC,4231884,-0.0045041706,Amino acid transport and metabolism,#ff0000,
b4025,pgi,4233758,-4.26267e-05,Nucleotide transport and metabolism,#00bfbf,
b4026,yjbE,4235906,0.01410683,No COG annotation,#87cefa,
b4027,yjbF,4236262,-0.0006892657,Cell wall/membrane/envelope biogenesis,#c71585,
b4028,yjbG,4236897,0.033278028200000004,Function unknown,#708090,
b4029,yjbH,4237634,-0.0055223998,Cell wall/membrane/envelope biogenesis,#c71585,
b4620,yjbT,4239777,0.0006975688,Function unknown,#708090,
b4030,psiE,4240325,0.0026528821,Function unknown,#708090,
b4031,xylE,4240779,-0.0066182235,Amino acid transport and metabolism,#ff0000,
b4032,malG,4242626,-0.0175667447,Inorganic ion transport and metabolism,#0000ff,
b4033,malF,4243531,0.0028216044000000003,Carbohydrate transport and metabolism,#ffc0cb,
b4034,malE,4245229,-0.0150441991,Inorganic ion transport and metabolism,#0000ff,
b4035,malK,4246784,0.0112809793,Inorganic ion transport and metabolism,#0000ff,
b4036,lamB,4247971,0.0045308916,Cell wall/membrane/envelope biogenesis,#c71585,
b4037,malM,4249554,0.0020092122,Function unknown,#708090,
b4038,yjbI,4250703,0.0070985588,Function unknown,#708090,
b4039,ubiC,4252506,0.0217777099,Coenzyme transport and metabolism,#008000,
b4040,ubiA,4253016,-0.0011325255,Coenzyme transport and metabolism,#008000,
b4041,plsB,4254043,-0.0010150341,Lipid transport and metabolism,#40e0d0,
b4042,dgkA,4256637,-0.0200142854,Cell wall/membrane/envelope biogenesis,#c71585,
b4043,lexA,4257115,0.0026159753,Transcription,#f4a460,
b4044,dinF,4257742,0.0026677109,Defense mechanisms,#d3d3d3,
b4045,yjbJ,4259237,0.0088102201,Function unknown,#708090,
b4046,zur,4259488,0.0054848171,Inorganic ion transport and metabolism,#0000ff,
b4048,yjbM,4260599,-0.0255864659,Function unknown,#708090,
b4049,dusA,4261669,0.0003281493,"Translation, ribosomal structure and biogenesis",#000000,
b4050,pspG,4262840,0.0071192239,Function unknown,#708090,
b4051,qorA,4263248,-0.0007941989000000001,Energy production and conversion,#90ee90,
b4052,dnaB,4264314,-0.0034367518000000003,"Replication, recombination and repair",#ff00ff,
b4053,alr,4265782,0.0073998604,Amino acid transport and metabolism,#ff0000,
b4054,tyrB,4267114,-0.0072985838,Amino acid transport and metabolism,#ff0000,
b4621,yjbS,4268809,0.003571442,No COG annotation,#87cefa,
b4055,aphA,4269414,-0.0072507014,Function unknown,#708090,
b4056,yjbQ,4270238,-0.016848186,Function unknown,#708090,
b4057,yjbR,4270658,-0.011718367,Function unknown,#708090,
b4058,uvrA,4271049,-0.011454162,"Replication, recombination and repair",#ff00ff,
b4059,ssb,4274125,-0.0022693663,"Replication, recombination and repair",#ff00ff,
b4060,yjcB,4274760,-0.011716576000000001,Function unknown,#708090,
b4061,pdeC,4275471,-0.0201482365,Signal transduction mechanisms,#00ff00,
b4062,soxS,4277060,-0.0218509465,Transcription,#f4a460,
b4063,soxR,4277469,0.0060007896000000005,Transcription,#f4a460,
b4064,ghxP,4278479,0.0075696235,Function unknown,#708090,
b4065,yjcE,4279980,-0.0078511678,Inorganic ion transport and metabolism,#0000ff,
b4066,yjcF,4281783,-0.0204089375,Function unknown,#708090,
b4067,actP,4283253,0.006693231,Inorganic ion transport and metabolism,#0000ff,
b4068,yjcH,4284899,-0.0226405545,Function unknown,#708090,
b4069,acs,4285413,-0.0020449215,Nucleotide transport and metabolism,#00bfbf,
b4070,nrfA,4287764,0.0031024448,Energy production and conversion,#90ee90,
b4071,nrfB,4289245,0.015856051,Energy production and conversion,#90ee90,
b4072,nrfC,4289808,-0.0393567015,Energy production and conversion,#90ee90,
b4073,nrfD,4290476,-0.0007295288000000001,Inorganic ion transport and metabolism,#0000ff,
b4074,nrfE,4291512,0.0034186596000000003,"Post-translational modification, protein turnover,and chaperones",#87ceeb,
b4075,nrfF,4293163,-0.0021024003,Inorganic ion transport and metabolism,#0000ff,
b4076,nrfG,4293543,0.023432844600000002,"Post-translational modification, protein turnover,and chaperones",#87ceeb,
b4077,gltP,4294481,-0.0086039761,Energy production and conversion,#90ee90,
b4078,yjcO,4296436,0.0022006789,Function unknown,#708090,
b4079,fdhF,4297219,0.002925154,Energy production and conversion,#90ee90,
b4080,mdtP,4299564,0.0211747933,Cell wall/membrane/envelope biogenesis,#c71585,
b4081,mdtO,4301027,0.0117550589,"Intracellular trafficking, secretion, and vesicular transport",#8b4513,
b4082,mdtN,4303078,0.0099786745,Defense mechanisms,#d3d3d3,
b4622,ytcA,4304128,-0.0268596626,Function unknown,#708090,
b4083,yjcS,4304612,-0.0037833432000000003,"Secondary metabolites biosynthesis, transport, and catabolism",#1e90ff,
b4084,alsK,4306870,-0.013745507,Nucleotide transport and metabolism,#00bfbf,
b4085,alsE,4307783,-0.0236267756,Carbohydrate transport and metabolism,#ffc0cb,
b4086,alsC,4308489,0.0084749762,Carbohydrate transport and metabolism,#ffc0cb,
b4087,alsA,4309448,0.0089188539,Inorganic ion transport and metabolism,#0000ff,
b4088,alsB,4311107,-0.000789332,Carbohydrate transport and metabolism,#ffc0cb,
b4089,alsR,4312101,0.0012036963,Transcription,#f4a460,
b4090,rpiB,4313350,0.0067072179000000004,Carbohydrate transport and metabolism,#ffc0cb,
b4487,yjdP,4313868,-0.0035902591,No COG annotation,#87cefa,
b4092,phnP,4314344,-0.028677331700000003,Function unknown,#708090,
b4093,phnO,4315104,-0.0031478102,Transcription,#f4a460,
b4094,phnN,4315525,-8.97583e-05,Nucleotide transport and metabolism,#00bfbf,
b4095,phnM,4316082,-0.0013249246,Inorganic ion transport and metabolism,#0000ff,
b4096,phnL,4317215,-0.0183293687,Inorganic ion transport and metabolism,#0000ff,
b4097,phnK,4318006,0.0133522603,Inorganic ion transport and metabolism,#0000ff,
b4098,phnJ,4318761,0.0085566028,Coenzyme transport and metabolism,#008000,
b4099,phnI,4319599,0.013154772700000001,Inorganic ion transport and metabolism,#0000ff,
b4100,phnH,4320663,-0.0121408134,Inorganic ion transport and metabolism,#0000ff,
b4101,phnG,4321244,-0.0020908484,Inorganic ion transport and metabolism,#0000ff,
b4102,phnF,4321697,-0.0269705241,Transcription,#f4a460,
b4583,phnE,4322443,-0.0235234805,Inorganic ion transport and metabolism,#0000ff,
b4105,phnD,4323336,0.027980625500000002,Inorganic ion transport and metabolism,#0000ff,
b4106,phnC,4324377,0.0253838693,Inorganic ion transport and metabolism,#0000ff,
b4107,yjdN,4325298,0.0024868994,Function unknown,#708090,
b4108,yjdM,4326399,0.0216250562,Inorganic ion transport and metabolism,#0000ff,
b4109,crfC,4327135,-0.0110852606,Function unknown,#708090,
b4110,yjcZ,4329360,0.0157299662,Function unknown,#708090,
b4111,proP,4330502,0.0025834934,Amino acid transport and metabolism,#ff0000,
b4112,basS,4332181,0.0030197329,Signal transduction mechanisms,#00ff00,
b4113,basR,4333282,0.0029028072,Transcription,#f4a460,
b4114,eptA,4333947,-0.00038205300000000004,Function unknown,#708090,
b4115,adiC,4335694,-0.0121039842,Amino acid transport and metabolism,#ff0000,
b4116,adiY,4337168,0.0849367265,Transcription,#f4a460,
b4117,adiA,4338254,-0.0106923352,Amino acid transport and metabolism,#ff0000,
b4118,melR,4340720,-0.0021808735,Transcription,#f4a460,
b4119,melA,4341911,0.0129051915,Carbohydrate transport and metabolism,#ffc0cb,
b4120,melB,4343369,0.0106320375,Inorganic ion transport and metabolism,#0000ff,
b4121,yjdF,4344929,-0.0001946358,Function unknown,#708090,
b4122,fumB,4345680,0.0001561693,Energy production and conversion,#90ee90,
b4123,dcuB,4347404,-0.0013342080000000001,Function unknown,#708090,
b4124,dcuR,4349315,-0.0032029961,Transcription,#f4a460,
b4125,dcuS,4350031,-0.0006375328000000001,Signal transduction mechanisms,#00ff00,
b4126,yjdI,4351843,-0.0083557198,Function unknown,#708090,
b4127,yjdJ,4352085,0.0006068901,Function unknown,#708090,
b4128,ghoS,4352584,0.039377780200000004,No COG annotation,#87cefa,
b4559,ghoT,4352908,0.0021935073,Function unknown,#708090,
b4129,lysU,4353200,0.0038578609,"Translation, ribosomal structure and biogenesis",#000000,
b4130,dtpC,4354954,-0.0010976081,Amino acid transport and metabolism,#ff0000,
b4131,cadA,4356470,0.0101565531,Amino acid transport and metabolism,#ff0000,
b4132,cadB,4358697,-0.0034916623,Amino acid transport and metabolism,#ff0000,
b4133,cadC,4360396,-0.0075441771000000005,Transcription,#f4a460,
b4135,yjdC,4362733,-0.01253904,Transcription,#f4a460,
b4136,dsbD,4363345,0.0002987323,Energy production and conversion,#90ee90,
b4137,cutA,4365018,-0.0105543697,Inorganic ion transport and metabolism,#0000ff,
b4138,dcuA,4365472,-0.013965335,Function unknown,#708090,
b4139,aspA,4366891,0.0119084703,Amino acid transport and metabolism,#ff0000,
b4140,fxsA,4368664,0.0231206821,Function unknown,#708090,
b4141,yjeH,4369156,0.0092710618,Amino acid transport and metabolism,#ff0000,
b4142,groS,4370688,-0.0048338739000000006,"Post-translational modification, protein turnover,and chaperones",#87ceeb,
b4143,groL,4371025,-0.0026286204,"Post-translational modification, protein turnover,and chaperones",#87ceeb,
b4144,yjeI,4372809,0.0015859745000000001,Function unknown,#708090,
b4145,yjeJ,4373365,0.0114952688,Function unknown,#708090,
b4146,epmB,4374629,-0.0043156599,Energy production and conversion,#90ee90,
b4147,efp,4375699,-0.0039727623,"Translation, ribosomal structure and biogenesis",#000000,
b4410,ecnA,4376317,0.0146886386,Function unknown,#708090,
b4411,ecnB,4376553,0.016599243,Function unknown,#708090,
b4148,gdx,4376875,0.008518188500000001,"Intracellular trafficking, secretion, and vesicular transport",#8b4513,
b4149,blc,4377189,0.0058663194,Cell wall/membrane/envelope biogenesis,#c71585,
b4150,ampC,4377811,-0.0034898662,Defense mechanisms,#d3d3d3,
b4151,frdD,4379007,-0.0137492757,Energy production and conversion,#90ee90,
b4152,frdC,4379377,-0.0014444687,Energy production and conversion,#90ee90,
b4153,frdB,4379783,-0.008174250000000001,Energy production and conversion,#90ee90,
b4154,frdA,4380510,0.0048105035,Energy production and conversion,#90ee90,
b4155,epmA,4382643,0.0005094986,"Translation, ribosomal structure and biogenesis",#000000,
b4156,yjeM,4383839,-0.0014052894,Inorganic ion transport and metabolism,#0000ff,
b4157,yjeN,4385393,-0.0156880873,No COG annotation,#87cefa,
b4158,yjeO,4385704,0.015012302100000001,Function unknown,#708090,
b4159,mscM,4386047,0.004849407,Cell wall/membrane/envelope biogenesis,#c71585,
b4160,psd,4389392,-0.009644925300000001,Lipid transport and metabolism,#40e0d0,
b4161,rsgA,4390457,-0.0008449259,"Translation, ribosomal structure and biogenesis",#000000,
b4162,orn,4391604,0.0083211125,RNA processing and modification,#add8e6,
b4166,queG,4392928,0.0016665395,Energy production and conversion,#90ee90,
b4167,nnr,4394066,0.0007170973,Coenzyme transport and metabolism,#008000,
b4168,tsaE,4395585,0.0019738086000000003,Function unknown,#708090,
b4169,amiB,4396065,-0.0055403245,Cell wall/membrane/envelope biogenesis,#c71585,
b4170,mutL,4397412,0.0029112237,"Replication, recombination and repair",#ff00ff,
b4171,miaA,4399252,-0.0101402123,"Translation, ribosomal structure and biogenesis",#000000,
b4172,hfq,4400288,-0.012467098000000001,"Translation, ribosomal structure and biogenesis",#000000,
b4173,hflX,4400672,-0.0104353433,"Translation, ribosomal structure and biogenesis",#000000,
b4174,hflK,4402038,-0.0052889609,"Post-translational modification, protein turnover,and chaperones",#87ceeb,
b4175,hflC,4403300,-0.0138881583,"Post-translational modification, protein turnover,and chaperones",#87ceeb,
b4176,yjeT,4404386,-0.0008365446,Function unknown,#708090,
b4177,purA,4404687,0.0011962614,Nucleotide transport and metabolism,#00bfbf,
b4178,nsrR,4406190,0.0036597478,Transcription,#f4a460,
b4179,rnr,4406654,-0.0107081057,"Translation, ribosomal structure and biogenesis",#000000,
b4180,rlmB,4409275,-0.0099280642,"Translation, ribosomal structure and biogenesis",#000000,
b4181,yjfI,4410133,-0.016129697000000002,Function unknown,#708090,
b4182,yjfJ,4410553,-0.0283812706,Transcription,#f4a460,
b4183,yjfK,4411302,0.0075191471,Function unknown,#708090,
b4184,yjfL,4411979,0.0335886093,Function unknown,#708090,
b4185,yjfM,4412387,-0.0072876065,Function unknown,#708090,
b4186,yjfC,4413028,0.017377877700000002,Amino acid transport and metabolism,#ff0000,
b4187,aidB,4414275,0.008377587300000001,Lipid transport and metabolism,#40e0d0,
b4188,yjfN,4416017,-0.0007725978,Function unknown,#708090,
b4189,bsmA,4416441,0.0121813249,Function unknown,#708090,
b4190,yjfP,4416952,0.0098624326,Function unknown,#708090,
b4191,ulaR,4417698,0.0025397488,Transcription,#f4a460,
b4192,ulaG,4418561,0.018842833,Function unknown,#708090,
b4193,ulaA,4419980,0.0044311787,Function unknown,#708090,
b4194,ulaB,4421393,0.008595012,Carbohydrate transport and metabolism,#ffc0cb,
b4195,ulaC,4421708,-0.0046410457000000006,Carbohydrate transport and metabolism,#ffc0cb,
b4196,ulaD,4422186,-0.0053335671000000005,Nucleotide transport and metabolism,#00bfbf,
b4197,ulaE,4422846,-0.0137590811,Carbohydrate transport and metabolism,#ffc0cb,
b4198,ulaF,4423700,0.0023815477,Carbohydrate transport and metabolism,#ffc0cb,
b4199,yjfY,4424516,-0.0012978667,Function unknown,#708090,
b4200,rpsF,4425118,-0.0075414448,"Translation, ribosomal structure and biogenesis",#000000,
b4201,priB,4425520,0.0032666959000000003,"Replication, recombination and repair",#ff00ff,
b4202,rpsR,4425839,0.0037610814,"Translation, ribosomal structure and biogenesis",#000000,
b4203,rplI,4426108,-0.0048158843,"Translation, ribosomal structure and biogenesis",#000000,
b4204,yjfZ,4426628,0.0057249868,Function unknown,#708090,
b4205,ytfA,4427694,0.0091289578,Transcription,#f4a460,
b4206,ytfB,4428079,0.0023495828,Cell wall/membrane/envelope biogenesis,#c71585,
b4207,fklB,4428935,0.0066942396000000005,"Post-translational modification, protein turnover,and chaperones",#87ceeb,
b4208,cycA,4429864,-0.0019811145,Amino acid transport and metabolism,#ff0000,
b4209,ytfE,4431321,0.0225776626,"Cell cycle control, cell division, chromosome partitioning",#bfbf00,
b4210,ytfF,4432091,0.0024607362,Amino acid transport and metabolism,#ff0000,
b4211,qorB,4433164,-0.0009591623,Carbohydrate transport and metabolism,#ffc0cb,
b4212,ytfH,4434113,0.0005931305,Transcription,#f4a460,
b4213,cpdB,4434622,-0.0072920435,Nucleotide transport and metabolism,#00bfbf,
b4214,cysQ,4436755,-0.0021890498,Inorganic ion transport and metabolism,#0000ff,
b4215,ytfI,4437707,-0.0135294937,No COG annotation,#87cefa,
b4216,ytfJ,4438708,0.0221650536,Function unknown,#708090,
b4217,ytfK,4439587,0.0033182453,Function unknown,#708090,
b4218,ytfL,4439872,-0.0007486482,Inorganic ion transport and metabolism,#0000ff,
b4219,msrA,4441538,-0.0020716652,"Post-translational modification, protein turnover,and chaperones",#87ceeb,
b4220,tamA,4442382,-0.0161505128,Cell wall/membrane/envelope biogenesis,#c71585,
b4221,tamB,4444112,0.0043334027,Function unknown,#708090,
b4222,ytfP,4447894,0.0018126142,Function unknown,#708090,
b4223,yzfA,4447976,0.006211810900000001,No COG annotation,#87cefa,
b4224,chpS,4448447,-0.0120873387,Transcription,#f4a460,
b4225,chpB,4448692,0.0053091471,Signal transduction mechanisms,#00ff00,
b4226,ppa,4449122,-0.0017576314,Energy production and conversion,#90ee90,
b4227,ytfQ,4449962,-0.010294475400000001,Carbohydrate transport and metabolism,#ffc0cb,
b4485,ytfR,4451058,-0.0083198099,Inorganic ion transport and metabolism,#0000ff,
b4230,ytfT,4452571,0.0044864919,Carbohydrate transport and metabolism,#ffc0cb,
b4231,yjfF,4453583,0.0140092836,Carbohydrate transport and metabolism,#ffc0cb,
b4232,fbp,4454611,-0.0076767592,Carbohydrate transport and metabolism,#ffc0cb,
b4233,mpl,4455785,0.000512601,Cell wall/membrane/envelope biogenesis,#c71585,
b4234,yjgA,4457314,0.0010639339,Function unknown,#708090,
b4235,pmbA,4457959,-0.0127607126,Function unknown,#708090,
b4237,nrdG,4459900,-0.0171310133,"Post-translational modification, protein turnover,and chaperones",#87ceeb,
b4238,nrdD,4460522,-0.0019199543,Nucleotide transport and metabolism,#00bfbf,
b4239,treC,4463054,0.0055612174,Carbohydrate transport and metabolism,#ffc0cb,
b4240,treB,4464759,0.0097034737,Carbohydrate transport and metabolism,#ffc0cb,
b4241,treR,4466299,-0.0092626932,Transcription,#f4a460,
b4242,mgtA,4467625,0.018242942,Inorganic ion transport and metabolism,#0000ff,
b4243,ridA,4470527,-0.0121330745,"Translation, ribosomal structure and biogenesis",#000000,
b4244,pyrI,4470986,-0.0012205975,Nucleotide transport and metabolism,#00bfbf,
b4245,pyrB,4471460,-0.0044505022,Nucleotide transport and metabolism,#00bfbf,
b4246,pyrL,4472399,0.005949101,Nucleotide transport and metabolism,#00bfbf,
b4248,yjgH,4472814,0.0002444855,"Translation, ribosomal structure and biogenesis",#000000,
b4249,bdcA,4473340,0.009922032800000001,Lipid transport and metabolism,#40e0d0,
b4251,bdcR,4474124,0.0078190757,Transcription,#f4a460,
b4252,tabA,4474862,0.0017178578,Carbohydrate transport and metabolism,#ffc0cb,
b4253,yjgL,4475437,-0.0222893475,No COG annotation,#87cefa,
b4254,argI,4477307,0.0106070673,Amino acid transport and metabolism,#ff0000,
b4255,rraB,4478473,-0.0085476463,Function unknown,#708090,
b4256,yjgM,4479034,0.0090291973,Transcription,#f4a460,
b4257,yjgN,4479730,-0.0072205271000000005,Function unknown,#708090,
b4258,valS,4480982,-0.0039032057,"Translation, ribosomal structure and biogenesis",#000000,
b4259,holC,4483837,-0.007268760700000001,"Replication, recombination and repair",#ff00ff,
b4260,pepA,4484440,-0.009624386700000001,Amino acid transport and metabolism,#ff0000,
b4261,lptF,4486218,-0.0056881131,Function unknown,#708090,
b4262,lptG,4487318,-0.0036267375000000003,Function unknown,#708090,
b4263,yjgR,4488561,0.0052211764,Function unknown,#708090,
b4264,idnR,4490141,-0.0101858461,Transcription,#f4a460,
b4265,idnT,4491206,-0.0086122599,Inorganic ion transport and metabolism,#0000ff,
b4266,idnO,4492587,-0.012393703,Lipid transport and metabolism,#40e0d0,
b4267,idnD,4493375,0.0021187875,Amino acid transport and metabolism,#ff0000,
b4268,idnK,4494623,-0.0109763787,Nucleotide transport and metabolism,#00bfbf,
b4269,ahr,4495190,-0.0076886187,Energy production and conversion,#90ee90,
b4271,intB,4496750,0.0019444059,"Replication, recombination and repair",#ff00ff,
b4272,insC-6,4498272,0.0124188983,"Replication, recombination and repair",#ff00ff,
b4273,insD-6,4498595,0.0211487752,"Replication, recombination and repair",#ff00ff,
b4575,yjgX,4499593,-0.013365955700000001,Function unknown,#708090,
b4277,yjgZ,4501260,-0.05521257,Function unknown,#708090,
b4278,insG,4502103,-0.008406235,"Replication, recombination and repair",#ff00ff,
b4279,yjhB,4504058,-0.012045624500000001,Inorganic ion transport and metabolism,#0000ff,
b4280,yjhC,4505287,-0.019596879100000002,Function unknown,#708090,
b4655,ythA,4506448,0.0002499107,No COG annotation,#87cefa,
b4281,yjhD,4506626,0.007771681700000001,Function unknown,#708090,
b4282,yjhE,4506861,0.0027932158,Carbohydrate transport and metabolism,#ffc0cb,
b4623,insO,4507197,-0.0063196204,"Replication, recombination and repair",#ff00ff,
b4284,insI-3,4507466,-0.0057569793,"Replication, recombination and repair",#ff00ff,
b4286,yjhV,4509804,0.0025471275,Function unknown,#708090,
b4287,fecE,4510690,-0.0106134551,Inorganic ion transport and metabolism,#0000ff,
b4288,fecD,4511458,-0.009126918000000001,Inorganic ion transport and metabolism,#0000ff,
b4289,fecC,4512411,0.0011761302000000001,Inorganic ion transport and metabolism,#0000ff,
b4290,fecB,4513406,-0.0068720306000000005,Inorganic ion transport and metabolism,#0000ff,
b4291,fecA,4514353,-0.0007749002,Inorganic ion transport and metabolism,#0000ff,
b4292,fecR,4516764,-0.0046407056,Inorganic ion transport and metabolism,#0000ff,
b4293,fecI,4517714,0.0066787696,Transcription,#f4a460,
b4294,insA-7,4518527,-0.0116683289,"Replication, recombination and repair",#ff00ff,
b4295,yjhU,4519338,-0.006440006000000001,Transcription,#f4a460,
b4296,yjhF,4520671,-0.0130710053,Inorganic ion transport and metabolism,#0000ff,
b4297,yjhG,4522127,-0.0012660917,Amino acid transport and metabolism,#ff0000,
b4298,yjhH,4524105,-0.0027107366000000003,Amino acid transport and metabolism,#ff0000,
b4299,yjhI,4525015,-0.0026539766,Transcription,#f4a460,
b4300,sgcR,4526106,0.0025545172,Transcription,#f4a460,
b4301,sgcE,4526905,0.0196682319,Carbohydrate transport and metabolism,#ffc0cb,
b4302,sgcA,4527549,-0.02561664,Carbohydrate transport and metabolism,#ffc0cb,
b4303,sgcQ,4528111,-0.0010645881,Function unknown,#708090,
b4304,sgcC,4528930,-0.0051229153,Carbohydrate transport and metabolism,#ffc0cb,
b4565,sgcB,4530255,0.0020999114,Carbohydrate transport and metabolism,#ffc0cb,
b4305,sgcX,4530530,-0.0173395838,Carbohydrate transport and metabolism,#ffc0cb,
b4306,yjhP,4532437,0.0089915594,"Translation, ribosomal structure and biogenesis",#000000,
b4307,yjhQ,4533239,-0.0114575344,Function unknown,#708090,
b4566,topAI,4533796,0.0267371686,Function unknown,#708090,
b4657,yjhZ,4534430,-0.0034604092000000003,"Translation, ribosomal structure and biogenesis",#000000,
b4308,yjhR,4535015,-0.0006729715,"Replication, recombination and repair",#ff00ff,
b4309,nanS,4536614,-0.0050883226,Function unknown,#708090,
b4310,nanM,4537659,0.0194625855,Cell wall/membrane/envelope biogenesis,#c71585,
b4311,nanC,4538785,0.0218082406,Cell wall/membrane/envelope biogenesis,#c71585,
b4312,fimB,4540957,0.0074536231,Transcription,#f4a460,
b4313,fimE,4542037,-0.0068683103,Transcription,#f4a460,
b4314,fimA,4543115,-0.017437654400000002,Cell motility,#da70d6,
b4315,fimI,4543728,-0.00017220740000000001,Cell motility,#da70d6,
b4316,fimC,4544304,-0.0037580407,Cell motility,#da70d6,
b4317,fimD,4545096,0.0113465176,Cell motility,#da70d6,
b4318,fimF,4547742,0.0115684403,Cell motility,#da70d6,
b4319,fimG,4548285,-0.0032505988,Cell motility,#da70d6,
b4320,fimH,4548808,-0.0114779206,Cell motility,#da70d6,
b4321,gntP,4549953,0.007568423,Inorganic ion transport and metabolism,#0000ff,
b4322,uxuA,4551636,0.0020619585,Carbohydrate transport and metabolism,#ffc0cb,
b4323,uxuB,4552901,-0.0061659306,Carbohydrate transport and metabolism,#ffc0cb,
b4324,uxuR,4554576,-0.0025343643,Transcription,#f4a460,
b4325,yjiC,4555490,0.0137393698,Function unknown,#708090,
b4720,ytiC,4556574,-0.0009062437000000001,No COG annotation,#87cefa,
b4721,ytiD,4556654,0.0062148047,No COG annotation,#87cefa,
b4326,iraD,4556993,0.0451028551,Function unknown,#708090,
b4327,hypT,4557378,-0.0090299792,Transcription,#f4a460,
b4328,iadA,4558354,0.0016036594,Amino acid transport and metabolism,#ff0000,
b4329,yjiG,4559539,0.0062010872,Function unknown,#708090,
b4330,yjiH,4559997,-0.0161087078,Function unknown,#708090,
b4331,kptA,4560930,-0.015265551300000001,"Translation, ribosomal structure and biogenesis",#000000,
b4332,yjiJ,4561497,-0.0186981948,Amino acid transport and metabolism,#ff0000,
b4333,yjiK,4562743,0.0043568521,Function unknown,#708090,
b4715,ytiA,4563668,-0.0095645118,Function unknown,#708090,
b4334,yjiL,4563922,-0.0052787548,Lipid transport and metabolism,#40e0d0,
b4335,yjiM,4564699,-0.0018767281,Amino acid transport and metabolism,#ff0000,
b4336,yjiN,4565966,-0.0063704024,Function unknown,#708090,
b4337,mdtM,4567287,0.0024930119,Inorganic ion transport and metabolism,#0000ff,
b4584,rpnD,4568998,0.004915896800000001,Function unknown,#708090,
b4340,yjiR,4570162,-0.0063651064,Transcription,#f4a460,
b4341,yjiS,4571751,-0.0058007664,Function unknown,#708090,
b4342,yjiT,4572414,0.0041886428000000005,"Cell cycle control, cell division, chromosome partitioning",#bfbf00,
b4486,yjiV,4574135,0.0063846509,"Replication, recombination and repair",#ff00ff,
b4345,mcrC,4576912,-0.037221536,Defense mechanisms,#d3d3d3,
b4346,mcrB,4577958,0.015052460200000001,"Replication, recombination and repair",#ff00ff,
b4347,symE,4579499,0.0106021189,"Translation, ribosomal structure and biogenesis",#000000,
b4348,hsdS,4580068,0.0028320819,Defense mechanisms,#d3d3d3,
b4349,hsdM,4581459,0.0017797438000000001,"Translation, ribosomal structure and biogenesis",#000000,
b4350,hsdR,4583249,0.0180885967,"Replication, recombination and repair",#ff00ff,
b4351,mrr,4586949,0.0071332924,"Translation, ribosomal structure and biogenesis",#000000,
b4352,yjiA,4587909,0.0049120534000000006,Function unknown,#708090,
b4353,yjiX,4588876,-0.0050783876,Function unknown,#708090,
b4354,btsT,4589129,0.0033990304,Signal transduction mechanisms,#00ff00,
b4355,tsr,4591657,-0.0145265258,Cell motility,#da70d6,
b4356,lgoT,4593361,-0.0039932778,Inorganic ion transport and metabolism,#0000ff,
b4357,lgoR,4594937,0.0008179996,Transcription,#f4a460,
b4358,lgoD,4595990,-0.0203833941,Energy production and conversion,#90ee90,
b4359,opgB,4597150,-0.0134790249,Cell wall/membrane/envelope biogenesis,#c71585,
b4360,yjjA,4599695,-0.002640805,Function unknown,#708090,
b4361,dnaC,4600238,9.979220000000001e-05,"Replication, recombination and repair",#ff00ff,
b4362,dnaT,4600978,-0.0007547798000000001,"Replication, recombination and repair",#ff00ff,
b4363,yjjB,4601624,0.0306089459,Function unknown,#708090,
b4364,yjjP,4602088,0.0202005112,Function unknown,#708090,
b4365,yjjQ,4603477,0.0109502017,Transcription,#f4a460,
b4366,bglJ,4604160,0.026706399000000002,Transcription,#f4a460,
b4367,fhuF,4604875,0.0014642608,Function unknown,#708090,
b4567,yjjZ,4605804,0.0018531388,Function unknown,#708090,
b4371,rsmC,4606669,0.0030850697,"Translation, ribosomal structure and biogenesis",#000000,
b4372,holD,4607803,0.00043088530000000004,"Replication, recombination and repair",#ff00ff,
b4373,rimI,4608185,0.0102468568,Transcription,#f4a460,
b4374,yjjG,4608646,0.0062782284,Function unknown,#708090,
b4375,prfC,4609414,0.0012531789,"Translation, ribosomal structure and biogenesis",#000000,
b4376,osmY,4611396,0.0089492854,Function unknown,#708090,
b4568,ytjA,4612128,-0.018635864800000002,Function unknown,#708090,
b4377,yjjU,4612411,0.0130686581,Function unknown,#708090,
b4378,yjjV,4613481,0.0055017535000000005,"Replication, recombination and repair",#ff00ff,
b4379,yjjW,4614680,-0.0177667216,"Post-translational modification, protein turnover,and chaperones",#87ceeb,
b4380,yjjI,4615515,0.0012050890000000001,Nucleotide transport and metabolism,#00bfbf,
b4381,deoC,4617323,0.0054275744,Nucleotide transport and metabolism,#00bfbf,
b4382,deoA,4618229,0.0116849263,Nucleotide transport and metabolism,#00bfbf,
b4383,deoB,4619603,0.0071345081,Nucleotide transport and metabolism,#00bfbf,
b4384,deoD,4620883,0.0021344952,Nucleotide transport and metabolism,#00bfbf,
b4385,yjjJ,4621769,-0.0008542501,Function unknown,#708090,
b4386,lplA,4623101,0.0082922242,"Translation, ribosomal structure and biogenesis",#000000,
b4387,ytjB,4624145,0.0122338845,"Translation, ribosomal structure and biogenesis",#000000,
b4388,serB,4624895,0.013583980800000001,Amino acid transport and metabolism,#ff0000,
b4389,radA,4625912,-0.0038970354000000002,"Post-translational modification, protein turnover,and chaperones",#87ceeb,
b4390,nadR,4627315,-0.0054791349,Coenzyme transport and metabolism,#008000,
b4391,ettA,4628855,-0.0024304168,Function unknown,#708090,
b4392,slt,4630733,0.0075792232000000005,Cell wall/membrane/envelope biogenesis,#c71585,
b4393,trpR,4632760,0.0035913720000000002,Transcription,#f4a460,
b4394,yjjX,4633233,0.0145469115,Nucleotide transport and metabolism,#00bfbf,
b4395,ytjC,4633797,-0.0041704596,Nucleotide transport and metabolism,#00bfbf,
b4396,rob,4634441,0.0041266415,Transcription,#f4a460,
b4397,creA,4635521,-0.00019850990000000002,Function unknown,#708090,
b4398,creB,4636007,0.0034276947,Transcription,#f4a460,
b4399,creC,4636696,-0.007235669,Signal transduction mechanisms,#00ff00,
b4400,creD,4638178,-0.0019160782000000002,Defense mechanisms,#d3d3d3,
b4401,arcA,4639590,0.0086690619,Transcription,#f4a460,
b4402,yjjY,4640402,0.0049197839,No COG annotation,#87cefa,
b4403,yjtD,4640942,0.0003574093,"Translation, ribosomal structure and biogenesis",#000000,
