,b3828
p1k_00001,-0.007716469500000045
p1k_00002,0.007716469500000045
p1k_00003,3.7580896855000003
p1k_00004,3.2825054604999995
p1k_00005,-0.20252247549999947
p1k_00006,0.06706614150000068
p1k_00007,4.7323467055
p1k_00008,4.6401529155
p1k_00009,0.5027314145000004
p1k_00010,0.5365925584999998
p1k_00011,0.5768174255000007
p1k_00012,0.5693500265000004
p1k_00014,0.4269889525000013
p1k_00015,0.661615437500001
p1k_00016,0.5812744765000009
p1k_00017,0.6239307485000003
p1k_00018,0.6583606545
p1k_00019,0.4533821755000007
p1k_00020,0.6741969185000007
p1k_00021,-0.5952309694999993
p1k_00022,-0.4815172995000001
p1k_00023,0.9012463545000003
p1k_00024,0.9139595035
p1k_00025,1.5296283915000009
p1k_00026,1.549559630500001
p1k_00027,0.4146091645000008
p1k_00028,0.4624193885000008
p1k_00029,-0.4443801565000003
p1k_00030,-0.5083070755000003
p1k_00031,-0.23052009249999905
p1k_00032,-0.2362468394999997
p1k_00033,0.8789788605000002
p1k_00034,0.8442700025000011
p1k_00035,0.027708069500000043
p1k_00036,0.014356158500000047
p1k_00037,-0.2983773694999998
p1k_00038,-0.4990020404999997
p1k_00039,0.4563466325000008
p1k_00040,0.3661505365000002
p1k_00041,-0.3155888004999996
p1k_00042,-0.38158972249999934
p1k_00043,0.5374321145000005
p1k_00044,0.6384687705000003
p1k_00045,0.6589119095000004
p1k_00046,0.5500751545
p1k_00047,0.28570691850000074
p1k_00048,0.24557613250000102
p1k_00049,0.1615648175000004
p1k_00050,0.4312557784999997
p1k_00051,0.5254359155000001
p1k_00052,0.5065688635000001
p1k_00053,0.5569965795000007
p1k_00054,0.2791205305000002
p1k_00055,0.3245082694999999
p1k_00056,0.5443973405000007
p1k_00057,0.4426726925000004
p1k_00058,0.8085685534999989
p1k_00059,0.7509257235
p1k_00060,0.2702233285000002
p1k_00061,0.2435363575000009
p1k_00062,0.663152997500001
p1k_00063,0.7613714475000011
p1k_00064,0.2031663705
p1k_00065,0.3057947355000001
p1k_00066,1.5081157844999993
p1k_00067,1.5980658925000009
p1k_00068,-2.1085655774999994
p1k_00070,-0.13313676749999906
p1k_00071,-0.388592942499999
p1k_00072,-0.09801934550000002
p1k_00073,0.5881220805000007
p1k_00074,0.5927702745000003
p1k_00075,-2.4050492255
p1k_00077,-1.6034779684999991
p1k_00078,-0.09369563949999993
p1k_00079,-2.0666940755
p1k_00080,-2.6439751705
p1k_00081,-2.6340754195
p1k_00082,0.3484240185000003
p1k_00083,0.4300134595000005
p1k_00084,0.5225445975000005
p1k_00085,0.4976658384999997
p1k_00086,-0.2134365314999993
p1k_00087,-0.2609849564999997
p1k_00088,-0.09907375149999977
p1k_00089,-0.09504276349999953
p1k_00090,0.19854951150000044
p1k_00091,0.3213948145000005
p1k_00092,0.007556559500000226
p1k_00093,-0.009565012499999527
p1k_00094,-2.0619841485
p1k_00095,-2.3608426714999995
p1k_00096,0.20900501449999973
p1k_00097,0.10183445650000067
p1k_00098,-2.1569004245
p1k_00099,-2.2577287505
p1k_00100,0.13943143150000026
p1k_00101,-2.1110150784999995
p1k_00102,-2.0808774455
p1k_00103,-1.7607714244999997
p1k_00104,-1.7301394934999994
p1k_00105,-0.5753411955000001
p1k_00106,0.43397769250000096
p1k_00107,0.044056813500000125
p1k_00108,-0.3401683714999999
p1k_00109,-0.3387949534999981
p1k_00110,0.5065020775000004
p1k_00111,0.5955419665000008
p1k_00112,0.9429539635
p1k_00113,-0.20335781449999946
p1k_00114,-0.3266446915000003
p1k_00115,-0.05537189650000052
p1k_00116,0.12152075550000065
p1k_00117,0.11350957550000018
p1k_00118,-0.06921558049999987
p1k_00119,0.19377549550000064
p1k_00120,0.13308007849999992
p1k_00121,0.028806437500001007
p1k_00122,-0.1973501074999993
p1k_00123,-0.05516633550000005
p1k_00124,-0.2346244274999991
p1k_00125,-2.7116612075
p1k_00126,0.5770041425000008
p1k_00127,0.4999620675000012
p1k_00128,0.698578802500001
p1k_00129,-3.4024747484999995
p1k_00130,-1.5971545184999991
p1k_00131,-2.7043278945
p1k_00132,-0.4169733754999996
p1k_00133,-3.4923274095
p1k_00134,-0.3080355394999996
p1k_00135,0.6995740834999999
p1k_00136,-2.0467365724999995
p1k_00137,0.5145364384999995
p1k_00138,-3.1578850494999995
p1k_00139,-2.6693723734999995
p1k_00140,0.35085373949999976
p1k_00141,-2.7061294355000003
p1k_00142,-0.33206091949999994
p1k_00143,-0.4562139024999992
p1k_00144,-2.3998581575
p1k_00145,-3.8665281965
p1k_00146,0.4629554845000001
p1k_00147,-2.2727766764999995
p1k_00148,-2.8897653805
p1k_00149,0.11881158949999993
p1k_00150,-3.2116744895
p1k_00151,-0.4271642765000001
p1k_00152,-0.8093364634999993
p1k_00153,-0.20803901349999965
p1k_00154,-4.3080974505
p1k_00155,-0.7403950734999993
p1k_00157,-1.7520426005000005
p1k_00158,-1.143795100499999
p1k_00159,-0.5743161554999999
p1k_00160,-0.15526547149999992
p1k_00161,-0.5244233734999995
p1k_00162,-0.5614629204999995
p1k_00163,-0.5219904034999994
p1k_00164,-0.5741536634999997
p1k_00165,-0.7554800765000005
p1k_00166,-0.6355837114999998
p1k_00167,-2.6318462885
p1k_00168,-2.6935392954999995
p1k_00169,3.6693471155000013
p1k_00170,3.5371067755000003
p1k_00171,-1.2580614164999997
p1k_00172,-1.2460923205
p1k_00173,-2.8864005385000002
p1k_00174,-2.9508310075
p1k_00175,-0.14272651249999946
p1k_00176,-0.3839402974999988
p1k_00177,-0.2592454205000001
p1k_00178,-0.5574534545000001
p1k_00179,-0.4463284145
p1k_00180,-0.2169844724999992
p1k_00181,-0.2242791654999996
p1k_00182,-0.27989347549999977
p1k_00183,-0.3214957984999982
p1k_00184,0.04884020750000051
p1k_00185,0.2906767015000007
p1k_00186,0.5447020195000007
p1k_00187,0.1497209755000002
p1k_00188,0.4944785695
p1k_00189,0.36812128750000106
p1k_00190,0.1286623984999995
p1k_00191,-0.41847850049999996
p1k_00192,-0.8130062865000003
p1k_00193,-0.6064879395
p1k_00194,-0.3126722884999982
p1k_00195,1.9798547355
p1k_00196,1.4486879165
p1k_00197,-0.8214917374999988
p1k_00198,-0.19527155950000008
p1k_00199,0.1700510314999999
p1k_00200,-0.04965056749999963
p1k_00201,0.5368103345000002
p1k_00202,0.3801201494999997
p1k_00203,-0.4071081765000004
p1k_00204,-0.2438708984999982
p1k_00205,-0.8252465364999999
p1k_00206,-1.093564967499999
p1k_00207,0.3815130795000004
p1k_00208,0.5093898445000002
p1k_00209,-1.7413587484999995
p1k_00210,-1.4919841744999998
p1k_00211,0.2755487765000009
p1k_00212,0.2334897665000009
p1k_00213,-0.3327155874999992
p1k_00214,-0.34123097049999984
p1k_00215,-1.3400313074999994
p1k_00216,-1.396712872499999
p1k_00217,-1.0585251044999993
p1k_00218,-1.0155963224999995
p1k_00219,0.03452357849999998
p1k_00220,0.10522963550000064
p1k_00221,-0.10921743449999964
p1k_00222,-0.05989920150000039
p1k_00223,1.768322382500001
p1k_00224,1.7142932225000005
p1k_00225,0.15445210750000093
p1k_00226,0.3364376835000007
p1k_00227,0.8039552375000012
p1k_00228,1.0322965884999995
p1k_00229,0.3773813125000007
p1k_00230,0.4580421915000006
p1k_00231,0.19266436150000035
p1k_00232,0.2376165134999999
p1k_00233,-0.009726748499999438
p1k_00234,0.02694722650000081
p1k_00235,0.00509919950000004
p1k_00236,-0.45028117050000027
p1k_00237,-0.6793177544999995
p1k_00238,1.427005201500002
p1k_00239,1.2996289165000006
p1k_00240,0.6967130484999995
p1k_00241,-0.03562716449999925
p1k_00242,0.12283941550000055
p1k_00243,0.6113419675000005
p1k_00244,0.7267275535
p1k_00245,0.039617049500000334
p1k_00246,0.6758148655000005
p1k_00247,-0.3582092915000006
p1k_00248,-1.0536233594999995
p1k_00249,0.09969954950000036
p1k_00250,-0.0894517644999997
p1k_00251,0.17846199950000052
p1k_00252,-0.16594103349999936
p1k_00253,-0.021767762499998792
p1k_00254,-0.1038547774999996
p1k_00255,-0.7350121984999998
p1k_00256,-1.0753864715
p1k_00257,1.3901498035
p1k_00258,1.2494288105000004
p1k_00259,-3.6730424725
p1k_00260,-3.3166274195
p1k_00261,-2.8647058935
p1k_00262,-2.9678937025
p1k_00263,-0.008423209500000084
p1k_00264,-0.1893024254999993
p1k_00265,-0.1519776765000005
p1k_00266,-0.5497867644999994
p1k_00267,-0.21438770949999952
p1k_00268,-0.12176056449999972
p1k_00269,-1.4167503424999994
p1k_00270,-1.5932862324999997
p1k_00271,3.2399447555000003
p1k_00272,3.557807195500001
p1k_00273,-0.5315228204999993
p1k_00274,0.16057663750000106
p1k_00275,-0.5158030014999992
p1k_00276,-0.5529399845
p1k_00277,0.13702649349999962
p1k_00278,0.26762994150000186
p1k_00279,-0.034238808499999614
p1k_00280,0.4521894845000008
p1k_00281,-1.2606765224999998
p1k_00282,-1.6861504064999997
p1k_00283,0.6346810615000003
p1k_00284,0.7319328235000002
p1k_00285,-0.04812642749999885
p1k_00286,-0.04078729549999949
p1k_00287,-0.3949688324999992
p1k_00288,-0.2777115984999998
p1k_00289,-1.0143760444999996
p1k_00290,-0.8413318915000003
p1k_00291,-0.2379163154999997
p1k_00292,-0.2793686054999993
p1k_00293,-0.06067895449999928
p1k_00294,-0.21840501049999966
p1k_00295,0.22850768350000014
p1k_00296,-0.7160068795000001
p1k_00297,-0.09070857150000043
p1k_00298,0.2771291645000007
p1k_00299,-2.5257520765
p1k_00300,-2.7557675735
p1k_00301,-2.9658573905
p1k_00302,-2.8106970955
p1k_00303,-2.0395734344999994
p1k_00304,-2.1166694805
p1k_00305,-3.4419656884999994
p1k_00306,-2.6277609234999995
p1k_00307,0.12334406550000045
p1k_00308,0.16314400450000033
p1k_00309,-2.2367939224999995
p1k_00310,-2.3313830924999994
p1k_00311,-2.3368377645
p1k_00312,-2.2681583025
p1k_00313,0.5621220005000005
p1k_00314,0.4040432075000009
p1k_00315,-3.1351243795
p1k_00316,-3.0958524005
p1k_00317,-0.12793316150000056
p1k_00318,0.09861414550000004
p1k_00319,-0.005182710499999743
p1k_00320,0.0497889055000007
p1k_00321,-0.5047793604999997
p1k_00322,0.6218042595000002
p1k_00323,-0.2538455374999993
p1k_00324,0.7491172644999988
p1k_00325,0.8687476354999992
p1k_00326,0.9267094915000004
p1k_00327,0.5447957805000003
p1k_00328,1.2787284244999988
p1k_00329,-0.15785560249999886
p1k_00330,0.5260194844999999
p1k_00331,0.9839097685000002
p1k_00332,1.0109909495
p1k_00333,-0.07191234150000002
p1k_00334,0.009197041500000223
p1k_00335,-0.059871343499999334
p1k_00336,0.045541236500001865
p1k_00337,1.5484293175
p1k_00338,1.1079292145000004
p1k_00339,1.1974165635
p1k_00340,1.2544421965000003
p1k_00341,0.09087888050000004
p1k_00342,-0.03310910049999993
p1k_00343,-0.0349040184999998
p1k_00344,-0.010056130499999759
p1k_00345,0.3398757655000004
p1k_00346,0.07877584250000069
p1k_00347,0.0390153634999999
p1k_00348,0.01570195050000045
p1k_00349,0.21499515949999992
p1k_00350,0.1658828545000004
p1k_00351,-0.02761899749999941
p1k_00352,0.14208040750000084
p1k_00353,0.7141550925000004
p1k_00354,0.7713973925
p1k_00355,0.4315141225000012
p1k_00356,0.5775684165000019
p1k_00357,-2.9597498154999995
p1k_00358,-2.8687515795
p1k_00359,-4.8719095595
p1k_00360,-4.5013627055
p1k_00361,-4.5901081774999986
p1k_00362,-4.6614133925
p1k_00363,-4.2366016255000005
p1k_00364,-3.6690350005
p1k_00365,-4.921430023499999
p1k_00366,-4.9520819005000005
p1k_00367,-4.6254522945
p1k_00368,-4.8386429905
p1k_00369,-4.4496021374999986
p1k_00370,-4.2469425665
p1k_00371,-4.1691934395
p1k_00372,-4.4418386165
p1k_00373,-4.6378390075
p1k_00374,-4.9512478345
p1k_00375,-4.6247598355
p1k_00376,-4.9368786745
p1k_00377,-4.294027442499999
p1k_00378,-3.7985370595
p1k_00379,-4.3611302385
p1k_00380,-4.121303899499999
p1k_00381,-3.3707799875
p1k_00382,-3.5476359424999995
p1k_00383,-4.2879619244999985
p1k_00384,-4.3681673765
p1k_00385,-4.218592491499998
p1k_00386,-4.7282606225
p1k_00387,-0.36725039249999897
p1k_00388,-0.3647233104999996
p1k_00389,-0.2243131355000001
p1k_00390,-0.15025939249999887
p1k_00391,2.3002906325000008
p1k_00392,2.7503546995000008
p1k_00393,0.19540485450000045
p1k_00394,0.09538121150000034
p1k_00395,0.6230696115000018
p1k_00396,0.4083427205000003
p1k_00397,0.6627455175000012
p1k_00398,0.9842570415000004
p1k_00399,0.03874495049999993
p1k_00400,0.3337343245
p1k_00401,0.4674164134999996
p1k_00402,0.4419488534999996
p1k_00403,0.6143415045000005
p1k_00404,0.6786504794999999
p1k_00405,-0.5512507715000003
p1k_00406,-0.4786080605
p1k_00407,0.2479399434999996
p1k_00408,0.4569340534999995
p1k_00409,0.5057717195000002
p1k_00410,0.8417730625000006
p1k_00411,-0.9273843514999998
p1k_00412,-1.1173556264999993
p1k_00413,-0.12572732249999952
p1k_00414,-0.041287843499999255
p1k_00415,1.1544612845
p1k_00416,0.6205119425000012
p1k_00417,-0.6069363645000001
p1k_00418,-0.5400062874999989
p1k_00419,-0.8192446865000003
p1k_00420,-0.5911817524999989
p1k_00421,-0.2017785854999996
p1k_00422,-0.007803024499999367
p1k_00423,-0.06689123949999942
p1k_00424,-0.04753809749999949
p1k_00425,1.235672221500001
p1k_00426,2.3059262195
p1k_00427,2.007863328499999
p1k_00428,2.0022885955
p1k_00429,0.15307991150000078
p1k_00430,0.24854259150000055
p1k_00431,0.28227209650000074
p1k_00432,0.4932933045000008
p1k_00433,1.6043166825000004
p1k_00434,1.7109022955000004
p1k_00435,2.2876776005000004
p1k_00436,2.3832432925000013
p1k_00437,2.5007911445000013
p1k_00438,2.550124374500001
p1k_00439,3.0694147565000005
p1k_00440,3.1546257655000005
p1k_00441,-0.8628595574999993
p1k_00442,-1.1335869044999995
p1k_00443,-1.0045429974999989
p1k_00444,-0.09211675549999933
p1k_00445,-1.3587813955000003
p1k_00446,-1.2261968904999998
p1k_00447,-0.9349491934999996
p1k_00448,-1.4735449294999998
p1k_00449,-3.2525516345
p1k_00450,-3.2308172755
p1k_00451,-3.3274635905000003
p1k_00452,-3.3194271355000002
p1k_00453,-3.3895236195
p1k_00454,-3.2692359464999994
p1k_00455,-4.8967792145
p1k_00456,-5.157559625499999
p1k_00457,-3.8131141505
p1k_00458,-3.9131107965
p1k_00459,-3.3156584824999995
p1k_00460,-3.1494414115
p1k_00461,-4.4666783245
p1k_00462,-3.9865079895
p1k_00463,-3.1883925284999983
p1k_00464,-3.3463650555
p1k_00465,-5.0949876404999985
p1k_00466,-4.6863589945
p1k_00467,-3.9649128185
p1k_00468,-4.160863233500001
p1k_00469,-3.8016498205
p1k_00470,-3.5770358505
p1k_00471,-4.1726656974999985
p1k_00472,-4.5818825705
p1k_00473,-1.1326417574999992
p1k_00474,-1.3882686574999994
p1k_00475,-2.4122290035
p1k_00476,-2.8574648824999995
p1k_00477,-3.0325208175
p1k_00478,-3.1286665805
p1k_00479,-5.7537950805
p1k_00480,-5.343808772499999
p1k_00481,-4.3265623095
p1k_00482,-3.9553490555
p1k_00483,-3.5938357784999995
p1k_00484,-3.6341516075
p1k_00485,-3.8788966795
p1k_00486,-3.4935593255
p1k_00487,-2.9580523095
p1k_00488,-3.3353747265
p1k_00489,-1.0550975055
p1k_00490,-1.2419136044999997
p1k_00491,-2.8550935395
p1k_00492,-2.6233187325
p1k_00493,-1.9776282095
p1k_00494,-2.217637646499999
p1k_00495,-3.6866551684999993
p1k_00496,-3.8353811825
p1k_00497,-3.9485293685
p1k_00498,-3.8651632575
p1k_00499,-4.3056500075
p1k_00500,-4.046610896499999
p1k_00501,-2.8727349155
p1k_00502,-2.8368933764999995
p1k_00503,-3.4598712505
p1k_00504,-3.3283824385
p1k_00505,-4.8462876905000005
p1k_00506,-4.983487009499999
p1k_00507,-2.9113229464999995
p1k_00508,-2.6889274384999995
p1k_00509,-3.0517999774999995
p1k_00510,-3.3863510525
p1k_00612,0.008804212500001185
p1k_00613,0.044027212500000516
p1k_00614,-2.3330143875
p1k_00615,-2.3490778445
p1k_00558,-0.9882667505000002
p1k_00559,-0.8677318865000005
p1k_00562,0.11859222550000048
p1k_00563,0.08120597949999997
p1k_00564,-0.18088513449999954
p1k_00565,-0.019857802499998908
p1k_00566,-2.7753832485000003
p1k_00567,-3.0831551934999992
p1k_00540,-3.7818480875
p1k_00541,-3.5515933775
p1k_00542,-3.6393436165
p1k_00543,-3.9722659475
p1k_00544,-3.9848275644999993
p1k_00545,-3.8558397805
p1k_00546,-4.865672356499999
p1k_00547,-4.7642306255
p1k_00548,-4.9767681135
p1k_00549,-4.9604914685
p1k_00550,-4.7749847815
p1k_00551,-4.8048935475
p1k_00568,-4.4718640825
p1k_00569,-4.9948416405
p1k_00570,-4.5729111704999985
p1k_00571,-5.0633458255
p1k_00572,-4.3678503785
p1k_00573,-4.5166470145
p1k_00574,-4.7988911125
p1k_00575,-4.6668007485
p1k_00586,-4.434085383499999
p1k_00587,-4.8492817545
p1k_00588,-4.5623880495
p1k_00589,-4.7229497685
p1k_00590,-4.8778486295
p1k_00591,-4.5607558135
p1k_00592,-4.0584698615
p1k_00593,-4.1579869365
p1k_00576,-1.101783397499999
p1k_00577,-1.103764550499999
p1k_00578,-3.4301587135
p1k_00579,-3.4228317115
p1k_00582,0.7435806095000004
p1k_00583,0.6449201735000001
p1k_00584,-2.2713180024999997
p1k_00585,-2.4348571955
p1k_00511,-1.9484769984999997
p1k_00512,-1.8508604764999996
p1k_00513,-2.3218603884999998
p1k_00514,-2.4420122745
p1k_00515,-2.8491613505
p1k_00516,-2.6910568724999995
p1k_00517,-3.4726330835000003
p1k_00600,-2.322779078499998
p1k_00601,-2.7592699815
p1k_00602,-2.4383545175
p1k_00603,-2.9694815165
p1k_00604,-2.5502694214999995
p1k_00605,-0.9664623564999992
p1k_00606,-3.6176267484999993
p1k_00607,-3.3523744875
p1k_00608,-3.0706750785000003
p1k_00609,-3.2905206565
p1k_00610,-3.0736003845
p1k_00611,-3.0353419545
p1k_00552,-3.8922631935000003
p1k_00553,-3.5700734194999995
p1k_00554,-4.673633328499999
p1k_00555,-5.0591555935
p1k_00556,-4.1762074965
p1k_00557,-4.5454727225
p1k_00594,-3.0242172064999995
p1k_00595,-3.7410632775
p1k_00596,-3.5884462214999995
p1k_00597,-3.6114998925
p1k_00598,-3.1041532195
p1k_00599,-4.024684088499998
p1k_00518,0.5150990445000003
p1k_00519,0.456779762500001
p1k_00520,0.36197327650000055
p1k_00521,0.3251618955
p1k_00522,0.5268002525000011
p1k_00523,-2.7760426014999995
p1k_00524,-4.0362398645
p1k_00525,-3.7424564995
p1k_00526,-2.7249803785
p1k_00527,-2.6210197965
p1k_00528,-2.8035967715
p1k_00529,-2.6425909734999995
p1k_00530,-3.2550378605000003
p1k_00531,-3.3303446135000003
p1k_00532,-3.4149780134999994
p1k_00533,-3.4625494134999992
p1k_00534,-3.3576084735
p1k_00535,-2.9975018074999995
p1k_00536,-2.8710614965
p1k_00537,-2.7264784865
p1k_00538,-3.2212780205000002
p1k_00539,-3.4650031755
p1k_00616,1.8373506075000008
p1k_00617,1.7313096684999998
p1k_00618,2.6885623615000007
p1k_00619,2.6013336984999995
p1k_00620,2.406121326500001
p1k_00621,2.165736111500001
p1k_00622,0.8863241315000003
p1k_00623,0.4229531184999997
p1k_00624,1.7350923015000002
p1k_00625,1.582365600500001
p1k_00626,0.957588284499999
p1k_00627,0.28353276350000023
p1k_00628,1.3921341615000005
p1k_00629,1.213776671500001
p1k_00630,1.2538567065000006
p1k_00631,1.1326380755
p1k_00632,2.0868582745000013
p1k_00633,1.942428682500001
p1k_00634,0.8387020544999988
p1k_00635,0.7288277795000004
p1k_00636,1.9220924415
p1k_00637,1.5445976464999998
p1k_00638,1.3230136205000005
p1k_00639,1.1201190685000002
p1k_00640,1.4983956775000014
p1k_00641,0.9095317475
p1k_00642,1.468699817500001
p1k_00643,1.5524153865
p1k_00644,1.1527678275
p1k_00645,1.292300151500002
p1k_00646,0.12295996650000075
p1k_00647,0.9003386455000006
p1k_00648,2.001210027500001
p1k_00649,1.7806917245000005
p1k_00650,1.3653762635
p1k_00651,1.3591262465000007
p1k_00652,1.1654013615000007
p1k_00653,0.5133278475000012
p1k_00654,0.9817781625000004
p1k_00655,0.9263768365000002
p1k_00656,1.9014980695000008
p1k_00657,1.4331170105000002
p1k_00658,0.2038485905000007
p1k_00659,0.1808786444999999
p1k_00660,0.5187601045000001
p1k_00661,0.20670205050000054
p1k_00662,1.1845946185000005
p1k_00663,1.1563302405
p1k_00664,1.5471386584999998
p1k_00665,1.4225831295000004
p1k_00666,-0.6356676784999982
p1k_00667,0.02769602849999941
p1k_00668,1.7840979575000002
p1k_00669,1.7431464325000017
p1k_00670,0.9674408905000008
p1k_00671,0.9067540095000002
p1k_00672,0.9311487584999999
p1k_00673,0.7987868684999997
p1k_00674,1.3381154945000002
p1k_00675,1.347319173499999
p1k_00676,1.5718936914999997
p1k_00677,1.5046649305000006
p1k_00678,1.3509452235
p1k_00679,1.3487539475000003
p1k_00680,0.5691084984999994
p1k_00681,0.5977277465000004
p1k_00682,0.7173157065000001
p1k_00683,0.3271172905000004
p1k_00684,1.5623215545000004
p1k_00685,1.7892216475000016
p1k_00686,0.13471506150000054
p1k_00687,0.27940554350000024
p1k_00688,0.2720463215000004
p1k_00689,-0.007955264499999616
p1k_00690,0.27844625050000005
p1k_00691,0.8613276005000001
p1k_00692,1.7430317105000004
p1k_00693,1.649084760500001
p1k_00694,1.7291634765
p1k_00695,1.4063683725000011
p1k_00696,1.6161489694999993
p1k_00697,1.2207998584999995
p1k_00698,1.7808803535000006
p1k_00699,1.7230943525000004
p1k_00700,0.8871946844999989
p1k_00701,0.5215247905
p1k_00702,1.161552079499999
p1k_00703,0.8965855965000005
p1k_00704,1.9625154305
p1k_00705,1.924706045500001
p1k_00706,1.9605620915000002
p1k_00707,1.6839279045000008
p1k_00708,1.5746262484999995
p1k_00709,1.1784818955
p1k_00710,0.0629800334999997
p1k_00711,-0.22514669949999974
p1k_00712,-0.10529717549999963
p1k_00713,-0.06717060349999926
p1k_00714,-0.2978925804999992
p1k_00715,-0.19371783949999968
p1k_00716,0.7767200255000004
p1k_00717,-0.33967369249999896
p1k_00718,0.20541220849999944
p1k_00719,-0.5846280065
p1k_00721,-1.5518875275
p1k_00722,0.7135250644999989
p1k_00723,0.0885621685000002
p1k_00724,0.9092599684999988
p1k_00725,0.4115615484999999
p1k_00726,0.4941274235000002
p1k_00727,0.4832742825000009
p1k_00728,0.4654125794999997
p1k_00729,0.2393754965000019
p1k_00730,0.13854873349999952
p1k_00731,0.3506214325000005
p1k_00732,0.14166603150000068
p1k_00733,0.3902651225000007
p1k_00734,0.22165263850000014
p1k_00735,-2.6843322185
p1k_00736,-3.4858373775
p1k_00737,0.2857865455000006
p1k_00738,0.3480049655000004
p1k_00739,0.010325329500000535
p1k_00740,-0.005873761499999297
p1k_00741,-0.1693110055
p1k_00742,-0.2698975615000005
p1k_00743,-2.3013431035
p1k_00744,-1.7387694954999997
p1k_00745,0.33246037750000124
p1k_00746,0.20669823350000005
p1k_00747,-0.21422792049999995
p1k_00748,-0.2565384955000001
p1k_00749,-1.1224620724999994
p1k_00750,-0.5060594265000002
p1k_00751,-0.06840958050000001
p1k_00752,-0.0746442544999999
p1k_00753,-0.6562597064999993
p1k_00754,-1.236118557499999
p1k_00755,-0.10672095549999927
p1k_00756,-0.13060463949999954
p1k_00757,-0.022916615499999796
p1k_00758,0.06678890849999952
p1k_00759,-0.09354125150000048
p1k_00760,-0.15571312549999927
p1k_00761,0.5930846845000001
p1k_00762,0.012456889500000123
p1k_00763,1.0089633285
p1k_00764,1.1427805084999996
p1k_00765,0.7301957034999997
p1k_00766,0.4096787155000001
p1k_00767,0.8839549405000007
p1k_00768,0.9303986965000002
p1k_00769,0.7498190905
p1k_00770,0.7540364634999994
p1k_00771,0.4794878665000004
p1k_00772,0.6101122345000007
p1k_00773,-2.8716937295
p1k_00774,-2.7911929395
p1k_00775,0.08781707150000084
p1k_00776,0.21007578450000075
p1k_00777,0.2350589165000008
p1k_00778,0.16350732550000036
p1k_00779,0.12800381750000067
p1k_00780,0.02023387050000025
p1k_00781,0.3336285875000007
p1k_00782,0.2348755984999995
p1k_00783,0.15230217150000058
p1k_00784,0.15147896350000067
p1k_00785,0.7981098155000002
p1k_00786,1.0350841055000002
p1k_00787,0.4988212815000006
p1k_00788,0.5315430705000006
p1k_00789,0.22329380449999991
p1k_00790,0.3037859794999997
p1k_00791,-0.4352985654999992
p1k_00792,-0.23977207650000046
p1k_00793,-0.007716751500000284
p1k_00794,-0.08608960050000025
p1k_00795,-0.6015218265
p1k_00796,-0.7135580194999998
p1k_00797,-1.4444960425
p1k_00798,-1.7447386655000001
p1k_00799,-0.08973189949999938
p1k_00800,-0.00934731749999962
p1k_00801,-0.1607131164999993
p1k_00802,-0.03137971150000052
p1k_00803,-0.4832952065000002
p1k_00804,-0.5463228874999988
p1k_00805,-0.5834403415000002
p1k_00806,-0.6524331094999996
p1k_00807,-0.5898923364999993
p1k_00808,-0.8722861104999993
p1k_00809,0.16778644750000105
p1k_00810,0.4357753655000005
p1k_00811,0.3292460005000004
p1k_00812,0.33471085850000026
p1k_00813,0.14544905849999967
p1k_00814,0.2302403934999999
p1k_00815,0.4449972165000018
p1k_00816,0.4105375455000004
p1k_00817,0.3861718125000007
p1k_00818,0.4276751075000007
p1k_00819,0.4909369665000005
p1k_00820,0.721423627500001
p1k_00826,0.5887745787929379
p1k_00827,0.94273947737888
p1k_00828,-3.3054298851689192
p1k_00829,-3.090455721109421
p1k_00830,-2.131414282118701
p1k_00831,-2.4674320093960067
p1k_00832,-0.11055931167544664
p1k_00833,-0.3826795192318668
p1k_00834,-2.4552587008612283
p1k_00835,-2.17517618906811
p1k_00836,-0.3486377230246509
p1k_00837,-4.050290968787682
p1k_00838,-2.1276865179156057
p1k_00839,-1.6374617704522452
p1k_00840,-2.591705161321484
p1k_00841,-2.4182522527796677
p1k_00842,-2.4000994355363723
p1k_00843,-2.009762991524587
p1k_00844,-1.6100879789099016
p1k_00845,-1.196557726614034
p1k_00846,-1.5669630965069317
p1k_00847,-1.7041050466641776
p1k_00848,-3.208928413307668
p1k_00849,-3.4828737454426
p1k_00850,-1.9864176524165675
p1k_00851,-1.6611720516368385
p1k_00852,0.8862933769533479
p1k_00853,-0.31070117091627925
p1k_00854,-5.129328283114907
p1k_00855,-4.293075480620821
p1k_00858,-4.317103219768131
p1k_00859,-4.721290531339225
p1k_00860,-3.6843359733504815
p1k_00861,-2.7134369467700297
p1k_00862,1.330387517261908
p1k_00863,0.1132187774345148
p1k_00864,-3.7000300362633416
p1k_00865,-3.920659750084389
p1k_00866,-4.9548596498468
p1k_00867,-4.944022530246198
p1k_00868,-2.3061009003162765
p1k_00869,-2.5510920883848587
p1k_00870,-3.026517969531761
p1k_00871,-3.2409720494812477
p1k_00872,-3.7125186433659043
p1k_00873,-3.6279946938704417
p1k_00874,-4.569363489540146
p1k_00875,-4.865345844869792
p1k_00876,-4.152752468616134
p1k_00877,-4.344369797491063
p1k_00878,-3.747836111053812
p1k_00879,-3.6930612853397258
p1k_00880,-2.542901411186387
p1k_00881,-2.035344987473968
p1k_00882,-0.127933161044548
p1k_00883,0.09861414543157744
p1k_00884,-0.5047793601897865
p1k_00885,0.6218042593204807
p1k_00890,0.4537294104637475
p1k_00891,0.5024950535740311
p1k_00892,-0.06995927961352244
p1k_00893,0.5151529848744207
p1k_00894,-1.4007139309341632
p1k_00895,-3.479021833692767
p1k_00896,-0.291676564639352
p1k_00897,-1.4167147889820262
p1k_00898,0.23096677146558964
p1k_00899,0.030679030060303706
p1k_00900,-0.4006595631882313
p1k_00901,-0.862240872854473
p1k_00902,-0.4974166308207861
p1k_00903,-1.728363105481591
p1k_00904,-0.5477205629731348
p1k_00905,-1.453193402409804
p1k_00906,-2.548329968486531
p1k_00907,-2.930107575198312
p1k_00908,-2.2441063547145745
p1k_00909,-2.040085550159583
p1k_00910,0.3175519704962726
p1k_00911,0.536212221049662
p1k_00912,-1.0708090270435369
p1k_00913,-1.554479876061822
p1k_00914,-3.3834677155007173
p1k_00915,-2.5527774078791468
p1k_00916,-3.722746630225604
p1k_00917,-3.81604267378866
p1k_00918,-4.406395528880248
p1k_00919,-3.96902055555009
p1k_00920,0.4104635296931177
p1k_00921,0.5467098480442614
p1k_00922,-0.9928485987321364
p1k_00923,-1.2012755015403158
p1k_00924,-1.8786082248917115
p1k_00925,-1.7173594328989603
p1k_00926,-2.1839184079678
p1k_00927,-2.5031729218136887
p1k_00928,-1.6829082468610013
p1k_00929,-1.8337428385254184
p1k_00930,0.8715727624565206
p1k_00931,0.7453455898258614
p1k_00932,0.1634412101760967
p1k_00933,0.4178515092430528
p1k_00934,-0.030412762499619106
p1k_00935,-0.09290955650394216
p1k_00936,-0.017221579054090164
p1k_00937,-0.002252071160496527
p1k_00938,-0.4942949649010631
p1k_00939,-0.330525025100652
p1k_00940,0.08457244622575999
p1k_00941,0.1437173472021378
p1k_00942,-0.28912143732723194
p1k_00943,-0.8452589825782724
p1k_00944,-0.8311648822447637
p1k_00945,-0.9534663099175864
p1k_00946,-0.9902497809798244
p1k_00947,0.07208094682039777
p1k_00948,-0.026393946360807163
p1k_00949,-0.2746127684521502
p1k_00950,-0.3252286179974826
p1k_00951,-1.1180474970605596
p1k_00952,-1.0876165135594862
p1k_00953,0.2698965231338644
p1k_00954,0.29649784106464505
p1k_00955,-0.3740653877294964
p1k_00956,0.4959555274163074
p1k_00957,-0.8926780809916739
p1k_00958,-1.160434876683711
p1k_00959,0.1467483328843784
p1k_00960,0.3747427738340816
p1k_00961,-0.17861067301045352
p1k_00962,0.05424297742920015
p1k_00963,0.013518365483090378
p1k_00964,-0.211741758158821
p1k_00965,-0.02495414756872716
p1k_00966,-0.06251610972111532
p1k_00967,-0.1559976899396185
p1k_00968,-0.9944636048316324
p1k_00969,-1.047561570703737
p1k_00970,-0.8522413229681929
p1k_00971,-0.6052200525651337
p1k_00972,0.2938658700557744
p1k_00973,-0.15522933978978326
p1k_00974,0.1660239851386427
p1k_00975,-0.8980386906834346
p1k_00976,-0.7456803586714047
p1k_00977,0.20315502419860465
p1k_00978,0.26197008510640085
p1k_00979,-0.7725874478261429
p1k_00980,0.04216523395547345
p1k_00981,-0.7902745203665179
p1k_00982,-0.8295725402323573
p1k_00983,0.17691556790504315
p1k_00984,0.3833694886366219
p1k_00985,0.3542193020860367
p1k_00986,0.0984871766471418
p1k_00987,-0.3854712481065832
p1k_00988,-0.4718999010756582
p1k_00989,-0.0911689628393928
p1k_00990,0.3100429430963523
p1k_00991,-0.559004369486245
p1k_00992,-0.8329005678654671
p1k_00993,-1.0655293517622786
p1k_00994,-1.2510415512811963
p1k_00995,-0.9678264676788872
p1k_00996,0.5241471877623098
p1k_00997,-0.1929056130942373
p1k_00998,-0.19894677091872026
p1k_00999,-0.1168317243057766
p1k_01000,-0.2910776154087955
p1k_01001,-0.4395070602632636
p1k_01002,-0.9850328414618464
p1k_01003,0.26486558176653663
p1k_01004,0.11181349639461936
p1k_01005,0.004470563208034406
p1k_01006,-0.11712359012660213
p1k_01007,-0.9618150336333162
p1k_01008,-1.1113336218258791
p1k_01009,-0.06678857673284178
p1k_01010,0.031387903504362484
p1k_01011,0.17836640881063293
p1k_01012,0.008391608604539691
p1k_01013,0.5614695644692134
p1k_01014,0.6938719265051514
p1k_01015,-0.9592460944067982
p1k_01016,-0.8985982117138605
p1k_01017,-0.5154245494962781
p1k_01018,0.08585061011596729
p1k_01019,0.2190663054754287
p1k_01020,-0.0013545270512951289
p1k_01021,-0.22023650255423546
p1k_01022,0.06281291928643551
p1k_01023,-0.5686024734883786
p1k_01024,-0.6844354375690118
p1k_01025,0.36230059092609856
p1k_01026,0.31547097489116993
p1k_01027,-0.011183707441599466
p1k_01028,0.3803078669343565
p1k_01029,-0.8432420103904352
p1k_01030,-0.5229352581705982
p1k_01031,-0.9140272994072944
p1k_01032,0.1506824447887336
p1k_01033,-0.0434735919437399
p1k_01034,0.12975396363381808
p1k_01035,0.30021738820433264
p1k_01036,-0.5364061489570142
p1k_01037,-0.6117227790220667
p1k_01038,-0.9847570391982724
p1k_01039,0.03500753572865811
p1k_01040,0.06155537607227667
p1k_01041,0.5662145340479059
p1k_01042,-0.4255554857418371
p1k_01043,-0.7493568857065123
p1k_01044,-0.5541746416133481
p1k_01045,0.06308186209282153
p1k_01046,0.3780190237357823
p1k_01047,0.1016745402232635
p1k_01048,-0.07480720167808562
p1k_01049,0.1112288634878036
p1k_01050,-0.39019922438911697
p1k_01051,-0.1667159021004725
p1k_01052,0.3231284933624332
p1k_01053,0.2716346355187689
p1k_01054,-0.9711655098791488
p1k_01055,-0.4789815644179312
