,b0776
SRX1125282,-0.0260314229
SRX1125283,-0.3130212693
SRX1125284,-0.28590546310000003
SRX1125285,-0.4342543287
SRX1125286,-0.161210291
SRX1125287,0.5391880802
SRX1125288,-0.1874526059
SRX1125289,0.0574209501
SRX1125290,-0.161975589
SRX1125291,-0.1509623824
SRX1125292,0.1921722816
SRX1125293,0.3224947503
SRX1125294,0.2134840289
SRX1125295,0.0499641144
SRX1125296,-0.0501724621
SRX1125297,-0.15398272030000001
SRX1125298,0.3952470301
SRX1125299,0.6539902856
SRX5694250,-0.41764364660000003
SRX5694251,-0.050283049
SRX5694252,0.18297171310000002
SRX5694253,0.49465210460000003
SRX5694254,0.8766499774000001
SRX5694255,-1.2013701244
SRX5694256,2.6293488028
SRX5694257,1.9481083335
SRX5694258,1.1752427801
SRX5694259,-1.8026980838000002
SRX5694260,-0.09682160020000001
SRX5694261,2.4216187516
SRX5694262,-0.8124321594
SRX5694263,-0.1485372825
SRX5694264,0.0022800423
SRX5694265,0.39486156570000003
SRX5694267,0.634806518
SRX5694268,0.7367658398
SRX5694269,0.2908359471
SRX5694271,-0.8669613819
SRX5694273,-0.9759318481
SRX5694274,-1.0427181882
SRX5694275,2.9405365601
SRX5694276,-1.6095985854000001
SRX5694277,0.22792885470000002
SRX5694278,-2.1888042718
SRX5694279,-0.403588859
SRX5694280,2.8057789394
SRX5694281,-0.2796660918
SRX5694282,-1.6116301615
SRX5694283,2.1908018476
SRX5694284,1.7613773904
SRX5694285,-0.0101028518
SRX5694286,2.2187789135
SRX5694287,5.0250512969
SRX5694288,0.08732375290000001
SRX5694289,1.3942404883
SRX5694290,0.2522995731
SRX5694291,-1.1054654133
SRX5694292,0.40739208800000004
SRX5694293,-0.8354588383
SRX5694294,1.4064472962
SRX5694295,0.6923540141
SRX5694296,0.1329089641
SRX5694297,0.5604782873
SRX5694298,0.8869712247
SRX5694299,0.5982675782
SRX5694300,0.4366847672
SRX5694301,0.0355694893
SRX5694302,-0.3260910953
SRX5694303,0.0089035144
SRX5694304,1.1766478027
SRX5694305,0.0745549314
SRX5694306,0.7450245699
SRX5694307,-2.3794180743
SRX5694308,-0.9220181148000001
SRX5694309,-1.8793219935
SRX5694310,3.4349188048
SRX5694311,-1.6988728859000002
SRX5694312,-0.8546709586000001
SRX5694313,1.5811982712
SRX5694315,1.1641747164
SRX5694317,3.1079544484
SRX5694319,-0.034987683000000006
SRX5694320,-1.4884979813
SRX5694321,2.4750734203
SRX5694322,-2.1085664084
SRX5694323,2.6106305609
SRX5694324,1.3550190611000001
SRX5694325,0.9714564344000001
SRX5694326,2.0621381008
SRX5694327,3.0416955724
SRX5694328,-0.15413736190000002
SRX5694329,0.6462685885
SRX5694330,1.950113113
SRX5694331,-0.3282830155
SRX5694332,2.0536717185
SRX5694334,0.32310338790000004
SRX5694335,1.0262635804
SRX5694336,-2.2666647468
SRX5694337,2.1155781021
SRX5694338,0.5318530718
SRX5694339,0.1285524213
SRX5694340,3.2673647775
SRX5694341,-1.7203100404
SRX5694342,-0.0375228596
SRX5694343,1.8021187451
SRX5694344,-0.1470878053
SRX5694345,-0.23160802060000002
SRX5694346,3.1105879265
SRX5694347,0.3827497116
SRX5694348,1.6935352872
SRX5694349,4.5439736541
SRX5694350,1.7005885149000002
SRX5694351,-0.4069688153
SRX5694352,0.6911465399000001
SRX5694353,-0.1170378727
SRX5694354,2.4495125016
SRX5694356,0.0162924319
SRX5694357,-0.8710947859
SRX5694358,0.0863025313
SRX5694359,2.1860259535
SRX5694360,2.4428119687
SRX5694361,-1.0817279328
SRX5694362,0.0297127436
SRX5694363,1.9693262564
SRX5694364,-2.6342805956
SRX5694365,-0.058849605900000004
SRX5694366,-0.8654986032
SRX5694367,1.347464219
SRX5694368,1.487456115
SRX5694369,0.9754098278000001
SRX5694370,2.3925750606
SRX5694371,-1.3543465924
SRX5694372,2.154442648
SRX5694373,1.8120073903
SRX5694374,-1.8486838816
SRX5694375,0.5977590194
SRX5694376,-0.1894241763
SRX5694377,-2.8951860181
SRX5694378,2.7112929706
SRX5694379,3.4772355582
SRX5694380,3.5366571177
SRX5694381,-0.2450586216
SRX5694382,0.4517540323
SRX5694383,0.3521930853
SRX5694384,-0.709078094
SRX5694385,4.2424514021
SRX5694386,-1.3075912203
SRX5694387,-0.4290142796
SRX5694388,0.6214465591
SRX5694389,2.0029492353
SRX5694390,-0.0688748662
SRX5694391,2.4270646824
SRX5694392,1.5592360832
SRX5694393,-0.5197665079
SRX5694394,-0.1364977084
SRX5694395,1.8044532393
SRX5694396,-0.8943542938
SRX5694397,2.0642672346
SRX5694398,1.3271626161
SRX5694399,1.2582967111
SRX5694400,1.9722554704
SRX5694401,1.0489513119
SRX5694402,-2.2014215675
SRX5694403,0.6632433529
SRX5694404,0.2777401085
SRX5694405,0.9909702208000001
SRX5694406,1.8527670269
SRX5694407,2.5330409518
SRX5694408,1.0522938281
SRX5694409,-1.0130438708
SRX5694410,-1.0083024206
SRX5694411,-0.7175704378000001
SRX5694412,0.7382291666
SRX5694413,2.8258095188
SRX5694414,-0.3379153451
SRX5694415,0.5737021646
SRX5694416,0.1158628119
SRX5694417,0.1394435403
SRX5694418,-1.7129493543
SRX5694419,-2.4296475183
SRX5694420,1.3952947256
SRX5694421,2.3880927205
SRX5694422,4.087721546
SRX5694423,2.8182600118
SRX5694424,1.0225574242
SRX5694425,4.3546687588
SRX5694426,1.0667255551000001
SRX5694427,1.3810146514000001
SRX5694428,-0.2584060729
SRX5694429,-0.8009705452
SRX5694430,0.780802108
SRX5694431,1.6578089052
SRX5694432,2.5462443459
SRX5694433,2.878540613
SRX5694434,1.9433306732000002
SRX5694435,-2.2758217859
SRX5694436,-1.7849276515999999
SRX5694437,4.7813160209
SRX5694438,0.1328862438
SRX5694439,0.7665440516
SRX5694440,-0.6096644868000001
SRX5694441,0.8378403738
SRX5694442,-0.1603225904
SRX5694443,0.5465391567
SRX5694444,0.6034337544
SRX5694445,-3.4912014755
SRX5694446,0.2132667191
SRX5694447,1.4105832892
SRX5694448,1.2336379211
SRX5694449,1.7498802982
SRX5694450,-0.2318819497
SRX5694451,-0.07303597690000001
SRX5694452,-0.6589964688000001
SRX5694453,2.5135356981
SRX5694454,-1.6963821789
SRX5694455,-2.661100232
SRX5694456,-0.5320269873
SRX5694457,1.4103120391
SRX5694459,0.9088222688
SRX5694460,-1.6798102643
SRX5694461,2.4484436551
SRX5694462,-2.2763520332000002
SRX5694463,-0.9726465377
SRX5694464,1.9138514564
SRX5694465,0.43323554880000004
SRX5694466,4.8621316182
SRX5694467,1.9202951867
SRX5694468,-1.1672426593
SRX5694469,0.2654641739
SRX5694470,-0.6493994245
SRX5694471,2.4380361779
SRX5694472,1.8801229002
SRX5694474,0.5708398424000001
SRX5694475,0.4524395597
SRX5694476,-1.0864947356
SRX5694477,-2.32630741
SRX5694478,2.2580681814
SRX5694479,0.24845879510000002
SRX5694480,2.1335584098
SRX5694481,1.8043422095000001
SRX5694482,0.10613989230000001
SRX5694483,1.4016811042000001
SRX5694484,2.0372055053
SRX5694485,3.4693792321
SRX5694486,-1.038357423
SRX5694487,0.5475419122
SRX5694488,1.5584119419
SRX5694489,2.2332055048
SRX5694491,0.078151433
SRX5694492,-1.7375306376
SRX5694493,-0.575094066
SRX5694494,3.671206375
SRX5694495,0.1248221822
SRX5694496,-0.5555869131
SRX5694497,1.0243512256
SRX5694498,2.1595730822
SRX5694499,0.1956513044
SRX5694500,2.6013752161
SRX5694501,0.3379126076
SRX5694502,-0.8154951847
SRX5694503,2.4379527344
SRX5694504,-0.9623688346
SRX5694505,-1.5419773314
SRX5694506,1.1527442417
SRX5694507,-0.9254548846
SRX5694508,1.6332657854
SRX5694509,1.6555269161
SRX5694510,0.2504359664
SRX5694511,0.4456239681
SRX5694512,-0.3788704406
SRX5694513,2.2660653189
SRX5694514,-1.7076562276
SRX5694515,5.6568631749
SRX5694516,0.4651322413
SRX5694517,3.6416383758
SRX5694518,0.5602119261
SRX5694519,2.9144772255999998
SRX5694520,-2.3007536193
SRX5694521,-0.13287077090000002
SRX5694522,0.6300501422
SRX5694523,-0.2788292173
SRX5694524,2.2467480383
SRX5694525,-0.2105992542
SRX5694526,0.3034948814
SRX5694527,3.0249536673
SRX5694528,0.31525053070000003
SRX5694529,1.5515629674
SRX5694530,-0.7924824129
SRX5694532,0.49739330410000004
SRX5694533,1.11440498
SRX5694534,-0.5273345259000001
SRX5694535,0.0039084468
SRX5694536,0.5180171166
SRX5694537,1.2645914821
SRX5694538,1.5681120026
SRX5694539,2.1518769952
SRX5694540,0.48781014980000004
SRX5694541,2.1887876346
SRX5694543,0.42433892310000004
SRX5694544,2.7627843164
SRX5694545,0.7301686538000001
SRX5694546,0.8854973082
SRX5694547,1.0726816424
SRX5694548,0.5335366126000001
SRX5694550,2.3236280628
SRX5694551,1.6730803992
SRX5694552,0.8395058350000001
SRX5694553,-0.7921247142000001
SRX5694554,0.41785277670000004
SRX5694555,-1.4762337051
SRX6072760,3.3559320928
SRX6072761,3.7465970964
SRX6072762,3.5345286027
SRX6072763,4.2862289088
SRX6072764,2.8742985854
SRX6072765,4.4199370554
SRX6376491,1.9877264708000002
SRX6376492,-1.7721700474
SRX6376493,-1.6905300881
SRX6376494,0.0896283306
SRX6376495,2.4914240385
SRX6376496,2.1857210383
SRX2723951,0.1137720299
SRX2723952,0.27313734
SRX2723953,0.20983428340000002
SRX2723954,0.3443338795
SRX2723955,-0.29059487
SRX2723956,-0.1322237774
SRX2723957,0.14637489110000002
SRX2723958,0.24804391320000002
SRX2723959,-0.1332896099
SRX2723960,-0.3293067854
SRX2723961,0.24217337190000002
SRX2723962,-0.5873239733
SRX2723963,-0.5080404788
SRX2723964,-0.3239531672
SRX2723965,-0.4076452011
SRX2723966,-0.0566407113
SRX2723967,0.1376459378
SRX2723968,-0.0810052265
SRX6977206,-0.4764972765
SRX6977207,-0.36244911020000004
SRX6977208,0.7651580999
SRX6977209,0.18963340010000002
SRX6977210,0.8608835964
SRX6977211,-0.029868640000000002
SRX6977212,-0.12298832330000001
SRX6977213,0.1528569633
SRX6977214,-0.3946967885
SRX1153733,-0.152515234
SRX1153734,0.152515234
SRX1153735,1.1897216053
SRX1153736,1.3225534662
SRX5204053,1.4885335939
SRX5204054,2.4250212424
SRX5204055,1.1297796503
SRX5204056,2.6742725164000003
SRX5204057,2.5647866363
SRX5204058,1.9720033207
SRX5204059,-0.1929884553
SRX5204060,0.0246001401
SRX5204061,-0.0220010788
SRX5204062,0.5540469493
SRX5204063,0.6992425147
SRX5204064,0.8028283526000001
SRX5204065,1.653368933
SRX5204066,1.5455740768
SRX5204067,1.7747306879
SRX5204068,-0.13775076090000002
SRX5204069,-0.1275454805
SRX5204070,0.3677398329
SRX5204071,1.0127281413
SRX5204072,0.8849341572
SRX5204073,1.1482996645
SRX5204074,1.6255306176
SRX5204075,0.5435494343
SRX5204076,1.0174448556
SRX5204077,0.018772955
SRX5204078,0.7915495918000001
SRX5204079,0.0038262448
SRX5204080,2.7187744928
SRX5204081,2.626656757
SRX5204082,2.4098175245
SRX5204083,0.5528179786
SRX5204084,0.697909454
SRX5204085,0.3687496698
SRX5204086,1.2359025282
SRX5204087,1.3220992648
SRX5204088,1.3454542214
SRX5204089,0.6979813459
SRX5204090,0.2287727616
SRX5204091,0.7194818807000001
SRX5204092,0.6570048122000001
SRX5204093,0.8637006995000001
SRX5204094,0.4376810069
SRX5204095,0.0179647528
SRX5204096,0.15291719210000002
SRX5204097,-0.1708819449
SRX683459,0.2161933597
SRX683460,-1.2490684466
SRX683461,-0.4250122676
SRX683462,-1.5835227153
SRX683463,0.20881890790000002
SRX683464,-1.3833736016
SRX683465,-0.17011954170000002
SRX683466,-2.364543696
SRX683467,-0.4712555679
SRX683468,-2.4798315521
SRX683469,-0.1643740532
SRX683470,-2.7477177779
SRX322077,-0.47115041820000003
SRX322078,-0.06485614690000001
SRX322079,-0.6835875549
SRX322080,0.0011082886
SRX322081,0.1798516034
SRX322082,0.4692614852
SRX322083,-0.25588522810000003
SRX322084,-0.0973768731
SRX322085,0.3532621012
SRX2708592,6.2721057836
SRX2708593,6.581650912
SRX2708594,6.2956720738
SRX2708595,-0.17577667630000002
SRX2708596,-0.17577667630000002
SRX2708597,0.3515533525
SRX2708598,0.4677168513
SRX2708600,0.45515283710000004
SRX2708601,-0.17577667630000002
SRX2708602,-0.17577667630000002
SRX2708603,0.9996846872
SRX3073814,0.2588537806
SRX3073815,-0.4395438296
SRX3073816,-1.6955404045
SRX3073817,-3.289350945
SRX3073818,-3.36341502
SRX3073819,-0.1191586709
SRX3073820,-1.0626015881
SRX3073821,-2.4653556332
SRX3073822,-3.5162122911
SRX3073823,-3.4892945675
SRX3073824,-0.2588537806
SRX3073825,0.2490941637
SRX3073826,-1.5063091607999999
SRX3073827,-3.6140106067
SRX3073828,-2.8294242227
SRX3073829,-0.48665489800000006
SRX3073830,-0.4335872907
SRX3073831,-2.3677086389
SRX3073832,-3.4912975966
SRX3073833,-3.006649941
SRX2391456,-0.1584500705
SRX2391457,-0.5319203672
SRX2391458,-0.22723003660000002
SRX2391459,0.0822642633
SRX2391460,0.0810126921
SRX2391461,-0.1094054133
SRX2391462,0.026469041800000002
SRX2391463,-0.0337016167
SRX2391464,0.1427057793
SRX2391465,0.0881347492
SRX2391466,0.0633113133
SRX2391467,0.0057464223
SRX2391468,-0.0325187578
SRX2391469,0.091279263
SRX2391470,-0.112051249
SRX2391471,-0.7236254479
SRX2391472,-0.3559113612
SRX2391473,-0.35438839440000003
SRX2391474,-0.3064703127
SRX2391475,-0.2786504917
SRX2391476,-0.18262259490000002
SRX2391477,-0.13834593480000001
SRX2391478,-0.3730483598
SRX2391479,-0.191621177
SRX2391480,0.0228485098
SRX2391481,0.0731906855
SRX2391482,-0.0717584321
SRX2391483,0.13802012530000002
SRX2391484,-0.44592858500000004
SRX2391485,-0.6353386687
SRX2391486,-0.1333305501
SRX2391487,0.014342531300000001
SRX2391488,0.0248239334
SRX2391489,-0.025521349800000002
SRX2391490,-0.042369482
SRX2391491,-0.0183334559
SRX2391492,0.0632693879
SRX2391493,0.1164508596
SRX2391494,0.1138116391
SRX2391495,-0.0057464223
SRX2391496,-0.0208528943
SRX2391497,0.0557977885
SRX2391498,-0.4440796829
SRX2391499,-0.8614428461
SRX2391500,-0.6315832426
SRX2391501,-0.4733394148
SRX2391502,-0.31088897320000003
SRX2391503,-0.058115171900000005
SRX2391505,-0.3022543757
SRX2391506,-0.3160461746
SRX2391507,-0.0827038986
SRX2391508,-0.1749455889
SRX2391510,0.008161642200000001
SRX2391512,-0.028261502900000002
SRX2391513,-0.0431789086
SRX2391514,0.0579229093
SRX5632598,2.2935863807
SRX5632599,1.9623970701000002
SRX5632600,2.006090865
SRX5632601,1.468134587
SRX5632602,0.9290579144000001
SRX5632603,2.2202090817
SRX5632604,1.9808454217
SRX5632605,2.272613422
SRX5632606,2.4775572794
SRX5632607,1.6255003878
SRX5632608,-0.0241177719
SRX5632609,0.0048094104
SRX5632610,0.8177117876000001
SRX5632611,0.0193083615
SRX5632612,0.8298733343
SRX5632613,0.7939615842000001
SRX5632614,1.3529077228
SRX5632615,1.2487375276
ERX2874132,0.3802581283
ERX2874133,0.6857211846
ERX2874134,2.5664469424
ERX2874135,2.4209987323
ERX2874136,2.0776424707
ERX2874137,1.96676458
ERX2874138,1.4201876672
ERX2874139,1.3813052615
ERX2874140,-0.1128750288
ERX2874141,0.1128750288
ERX2874142,1.8854946949
ERX2874143,2.2625988937
ERX2874144,1.2554132963
ERX2874145,1.2615158018
ERX2874146,0.5435029591
ERX2874147,0.5919914898
SRX1300292,0.5152510274000001
SRX1300293,-0.5152510274000001
SRX1300299,0.2815111394
SRX1300300,0.3809794144
SRX1300304,-0.8925432376
SRX1300305,0.3210409605
SRX1300306,-0.38908744230000003
SRX1300310,-1.344001338
SRX1300311,-0.7649798942
SRX7291195,-0.1370334972
SRX7291196,-0.1511509534
SRX7291197,-0.3847104819
SRX7291198,-0.1064044429
SRX7291199,0.1737398852
SRX7291200,-0.0673354423
SRX7291201,-0.9408316640000001
SRX7291202,0.1248963361
SRX7291203,-0.4938277379
SRX7291204,-0.1610895119
SRX7291205,-0.2203825781
SRX7291206,-0.14474098330000001
SRX2436955,-0.006819281000000001
SRX2436956,0.2486398149
SRX2436957,0.23657340470000002
SRX2436958,0.1889607824
SRX2436959,0.27420197620000003
SRX2436960,0.14375699790000002
SRX2436961,0.0415689797
SRX2436962,0.5927868326
SRX2436963,0.0292780075
SRX2436964,-0.2995367699
SRX2436965,0.5368479376
SRX2436966,0.5866085847
SRX2436967,0.1273740085
SRX2436969,0.292239344
SRX2436970,0.311409278
SRX2436971,0.2736239622
SRX2437029,0.4350517148
SRX2437030,0.216736594
SRX2437031,0.1079246543
SRX2437032,0.4373564063
SRX2437033,-0.3103761599
SRX2437034,0.7067707332000001
SRX2437035,0.4127100274
SRX2437036,0.2885644295
SRX2437037,-0.09873843110000001
SRX2437038,0.3345544099
SRX2437039,-0.1803640995
SRX2437040,0.34392697850000004
SRX2437041,0.0068948647
SRX2437042,-0.2386386577
SRX2437043,-0.1590273112
SRX2437044,-0.41162147120000003
SRX4705203,0.36507112810000003
SRX4705204,-0.29379683100000004
SRX4705205,-0.152298971
SRX4705206,-0.0037448018
SRX4705207,0.4865353021
SRX4705208,0.3534608262
SRX4705209,-0.2295490963
SRX4705210,0.13390110600000002
SRX4705211,0.0783214082
SRX4705212,0.1025351763
SRX4705213,0.2079398237
SRX4705214,-0.0891483825
SRX4705215,0.0605214118
SRX4705216,-0.0087065469
SRX4705217,-0.3807796846
SRX4705218,0.2101733785
SRX4705219,-0.0196355263
SRX4705220,0.4136202927
SRX4705221,0.1443362977
SRX4705222,0.1855239629
SRX4705223,0.6547346307
SRX4705224,0.6565729943
SRX4705225,-0.0084967362
SRX4705226,-0.0361513157
SRX4705227,-0.2335750519
SRX4705228,0.08316673050000001
SRX4705229,-0.0176413875
SRX4705230,-0.0067007938
SRX4705231,0.1040064455
SRX4705232,0.11364115520000001
SRX4705233,-0.4532062611
SRX4705234,0.1189992301
SRX4705235,0.051694753600000004
SRX4705236,-0.0299479809
SRX4705237,-0.1150591393
SRX4705238,0.13843927990000002
SRX2038319,-1.0603538804000001
SRX2038320,0.1092290618
SRX2038321,-0.707767467
SRX2038322,-0.1987494273
SRX2038323,0.7987645443
SRX2038324,1.3089335383
SRX2038325,-0.9844793192
SRX2038326,-0.4983247371
SRX2038327,-2.1460469289
SRX2038328,-0.7325523528
SRX2038329,-0.1397909332
SRX2038330,1.1966009502000001
SRX2038331,0.5177899408000001
SRX2038332,-1.1467594896
SRX2038334,-0.00033282550000000003
SRX2038335,-0.059614748
SRX2038336,0.9167233507
SRX2038337,0.38951842540000003
SRX2038338,0.8820254762
SRX2038339,-2.0739119058
SRX2038340,0.2800019798
SRX2038341,1.4398404864
SRX2038342,0.3424822101
SRX2038343,0.2971666857
SRX2038344,0.0909108587
SRX2038345,0.4726810128
SRX2038346,-3.5051127418
SRX2038347,-3.7868746556
SRX2038348,-3.7043179479
SRX2038349,1.3711461614
SRX2038350,0.0839008965
SRX2038351,0.2376856104
SRX2038352,0.6698325048
SRX2038353,-0.006881911300000001
SRX2038354,0.4581255414
SRX2038355,1.0430847061
SRX2038356,0.4038491866
SRX2038357,0.1783284042
SRX2038358,1.4867554889
SRX2038359,0.6247685964
SRX2038360,1.030760988
SRX2038361,-0.0893346795
SRX2038362,0.5194063351
SRX2038363,0.8620405158000001
SRX2038364,0.6443583475
SRX2038365,-3.6699634275
SRX2038366,-4.0162163766
SRX2038367,-4.0558392261
SRX2038368,1.3910797316
SRX2038369,-0.2033835276
SRX2038370,0.539917878
SRX2038371,1.8056558522000001
SRX2038372,0.2466122665
SRX2038373,0.9552667444
SRX2038374,1.2567273399
SRX2038375,0.6720385790000001
ERX530520,-0.010666259800000001
ERX530521,-0.213596642
ERX530522,-0.0562913425
ERX530523,0.1232009854
ERX530524,0.010666259800000001
ERX530525,-0.21568283430000001
ERX530526,0.0831808203
ERX530527,-0.039177170000000004
ERX3212443,2.6621313296
ERX3212444,2.5346564246
ERX3212445,2.760922522
ERX3212446,1.0309372304
ERX3212447,0.8967616204000001
ERX3212448,0.9806811505
ERX3212449,-0.1765824839
ERX3212450,-0.09531102500000001
ERX3212451,0.27189350900000003
ERX3212452,3.2595371631
ERX3212453,3.1086053579
ERX3212454,1.5379013714
SRX7478973,0.0522745446
SRX7478974,-0.07688765610000001
SRX7478975,0.0246131115
SRX7478976,0.0285688864
SRX7478977,0.1059245815
SRX7478978,0.0546054683
SRX7478979,-0.105281421
SRX7478980,-0.11427783
SRX7478981,-0.0347176509
SRX7478982,-0.0988680831
SRX7478983,-0.0432144427
SRX7478984,0.0211139272
ERX1521038,-0.6606642195
ERX1521039,-0.2504839893
ERX1521040,-0.9903526625000001
ERX1521041,-0.5993887132
ERX1521042,-0.5991616389000001
ERX1521043,-0.0081486826
ERX1521044,-0.5893433514
ERX1521045,0.5893433514
SRX621182,-0.5619805122
SRX621183,-0.6256535520000001
SRX621184,-0.5948002023
SRX621185,-0.44811061760000004
SRX621188,-0.4451122461
SRX621189,-0.4865212991
SRX621190,0.43357673420000004
SRX621191,-0.43357673420000004
SRX621192,-0.566096251
SRX621193,-0.2993855895
SRX6489436,-0.12359919999999999
SRX6489437,0.0584729617
SRX6489438,0.4225257101
SRX6489439,0.0423407596
SRX6489440,-0.08277648330000001
SRX6489441,0.0404357236
SRX6489442,0.1694691948
SRX6489443,0.1558164076
SRX6489444,0.12341878790000001
SRX6489445,0.2257925479
SRX6489446,-0.011205600900000001
SRX6489447,0.2052749327
SRX6489448,0.39105271890000004
SRX6489449,0.2793638483
SRX6489450,0.7761250656
SRX6489451,0.5857453283
SRX6489452,0.1207316787
SRX6489453,0.25771471420000003
SRX6489454,0.5312078098
SRX6489455,0.6002656395
SRX6489456,-0.0992941237
SRX6489457,0.18906874
SRX6489458,0.4559542809
SRX6489459,0.9606209585000001
SRX6489460,0.2126562686
SRX6489461,0.8481093005
SRX6489462,0.7571049645
SRX6489463,0.48921063800000003
SRX6489464,0.3945308225
SRX6489465,0.8129657239
SRX6489466,0.1865597928
SRX6489467,0.48376270060000004
SRX6489468,0.7766383287
SRX6489469,0.8120405793000001
SRX6489470,0.7399564508
SRX6489471,1.0465933082
SRX6452027,-1.3560423955
SRX6452029,0.0770834166
SRX6452030,-1.7665414283
SRX6452031,0.0545524103
SRX6452044,0.2507857032
SRX6452045,0.5305109701
SRX6452046,0.1914157668
SRX6452047,-2.1909709808
SRX6452048,-0.0770834166
SRX6452059,-3.9623444149
SRX1828491,-0.2945860507
SRX1828492,0.017900372300000002
SRX1828493,-0.1432979419
SRX1828494,-0.2715145185
SRX1828495,-0.656875783
SRX1828496,-0.279788767
SRX1828497,-0.007820068000000001
SRX1828498,0.17359664800000002
SRX1828499,-0.025622864800000002
SRX1828500,0.2386080493
SRX1828501,-0.49489646190000003
SRX1828502,0.07430324120000001
SRX1828503,2.0527699918
SRX1828504,2.0035463507
SRX1828505,-0.5152463008
SRX1828506,-1.0773121287
SRX1828507,-0.2533008258
SRX1828508,0.2533008258
SRX3796953,0.0193805358
SRX3796954,-0.0193805358
SRX3796955,-5.4427704677
SRX3796956,-3.6278048207999998
SRX3796957,-4.3576178634
SRX3796958,-5.9406905405
SRX3796959,0.054081337900000005
SRX3796960,0.0598962274
SRX3796961,-3.339350139
SRX3796962,-3.5806957742
SRX3796963,-5.1364459464
SRX3796964,-5.9734363956
SRX3796965,0.14643864580000002
SRX3796966,0.1746988458
SRX3796967,-5.2559918274
SRX3796968,-4.7132682227
SRX3796969,-5.1139834582
SRX3796970,-5.5323852932
SRX3796971,-0.2720693976
SRX3796972,-0.3534891986
SRX3796973,-4.0245829274
SRX3796974,-2.9049449063
SRX3796975,-5.4244047161
SRX3796976,-5.1293236798
SRX3796977,-0.017301296100000002
SRX3796978,-0.232595029
SRX3796979,-2.0864449757
SRX3796980,-1.9285393934
SRX3796981,-4.8232390845
SRX3796982,-5.4071449873
SRX3796983,0.0536898722
SRX3796984,0.12419457780000001
SRX3796985,-2.5059813998
SRX3796986,-3.9087059322
SRX3796987,-5.2535329918
SRX3796988,-4.8488181491
SRX2568270,0.0857663613
SRX2568271,-0.6766528318
SRX2568272,1.6467025302
SRX2568273,-0.5760115191
SRX2568274,-0.6766528318
SRX2568275,-0.0857663613
SRX2568276,0.9851877840000001
SRX2568277,0.5777122100000001
SRX2568278,-0.6766528318
SRX2568279,-0.5978890898
SRX3421856,-0.1395658874
SRX3421857,0.1395658874
SRX3421858,-1.7489597169
SRX3421859,-1.7419476842
SRX3421860,-0.3300740234
SRX3421861,-0.2854468631
SRX3421868,-1.3176922126
SRX3421869,-1.7931895054
SRX2606337,0.0037343183
SRX2606338,-0.029910448000000003
SRX2606339,-0.0501002186
SRX2606340,-2.0342089752
SRX2606341,-0.9343378062000001
SRX2606342,-1.2948484952000001
SRX2606343,-1.4789043198
SRX2606344,-2.1701831392
SRX2606345,-3.0188791546
SRX2606346,0.3820649439
SRX2606347,0.1709193913
SRX2606348,0.11287907200000001
SRX2606349,-0.9012050543000001
SRX2606350,-2.7242500744
SRX2606351,-0.4300671152
SRX2606352,-1.0701894768
SRX2606353,-0.0656592498
SRX2606354,-2.0057726806
SRX2606355,-3.3999686131
SRX2606356,0.7263821339000001
SRX2606357,-0.1746537096
SRX2606358,0.08385500650000001
SRX2606359,-0.7112069569
SRX2606360,-2.9601685214
SRX2606361,-1.0033224127
SRX2606362,-1.6293564659
SRX2606363,-0.6675835943
SRX2606364,-2.4117519707
SRX2606365,-2.9475485833
SRX2606366,0.47242324010000003
SRX3648427,1.4515548745
SRX3648428,0.4883804671
SRX3648429,0.2046149814
SRX3648430,2.4590754218
SRX3648431,2.5083727695
SRX3648432,1.4642431959
SRX3648433,0.4484053206
SRX3648434,0.36627332230000004
SRX3648435,-1.5221058546
SRX3648436,-1.0114603102
SRX3648437,-0.6244849991
SRX3648438,-1.1089870068
SRX3648439,-0.07420185480000001
SRX3648440,-0.2491078954
SRX3648441,-2.2398038843
SRX3648442,-0.41182065910000004
SRX3648443,0.7407349362
SRX3648444,-0.6306199330000001
SRX3648445,-0.3207360056
SRX3648446,0.23702222420000002
SRX3648447,-0.8195252447
SRX3648448,1.0453530409
SRX3648449,0.9979079695
SRX3648450,0.49269569830000004
SRX3648451,0.404123551
SRX3648452,-1.4436154848
SRX3648453,-1.496464775
SRX3648454,-0.8450139315
SRX3648455,-1.0461478049
SRX3648456,-1.5010608322999999
SRX3648457,0.49245078280000004
SRX3648458,0.0968884737
SRX3648459,-1.6542731137
SRX3648460,0.9086771801
SRX3648461,0.3857996314
SRX3648462,-1.2974324275
SRX3648463,0.6736246441
SRX3648464,0.2505987519
SRX3648465,-0.3408162186
SRX3648466,1.1717604743
SRX3648467,0.4486192104
SRX3648468,-1.2328652823
SRX3648469,3.2431385347
SRX3648470,3.9289276282000003
SRX3648471,2.5493151276
SRX3648472,0.9553600508000001
SRX3648473,1.285380887
SRX3648475,0.6152825004
SRX3648476,0.0425144889
SRX3648477,-1.3050354455
SRX3648478,-0.5618718201
SRX3648479,0.3286427341
SRX3648480,-1.2735983258
SRX3648481,-0.1012155562
SRX3648482,-2.234789535
SRX3648483,-2.6763929703000002
SRX1429221,-0.1765809243
SRX1429222,-0.0094798214
SRX1429223,0.1860607456
SRX1429224,-0.7020540792000001
SRX1429225,-0.9110236935
SRX1429226,-1.0067802317
SRX1429227,-0.9085424012000001
SRX1429228,-0.5450379644000001
SRX1429229,-1.1407100923
SRX1429230,-1.2240685068000001
SRX1429231,-0.9632498341
SRX1429232,-1.4241978408
SRX1429233,-1.2026441284
SRX1429234,-1.6172610159
SRX1429235,-1.613575708
SRX1429236,-0.4094542028
SRX1429237,-1.5295711048
SRX1429238,-1.5749973532000001
SRX1429239,-1.4475836849000001
SRX1429240,-1.4674743603
SRX1429241,-1.8149477093000002
SRX1429242,-1.4082566178
SRX1429243,-1.424528889
SRX1429244,-1.2705176161
ERX2339161,0.1834892291
ERX2339162,-0.1834892291
ERX2339163,4.7172230271
ERX2339164,4.7184767653
ERX2339165,1.486106025
ERX2339166,1.7256202784
ERX2339167,0.9115102387
ERX2339168,-0.2904099302
ERX2339169,0.058009061300000005
ERX2339170,4.5473868116
ERX2339171,4.6782256657
SRX7656012,0.39041383630000004
SRX7656013,0.15493849540000001
SRX7656014,0.5006114554000001
SRX7656015,0.8511819697
SRX7656016,0.4994271026
SRX7656017,0.2361104758
SRX7656018,0.4715784577
SRX7656019,0.8638147117
SRX7656020,0.0218821917
SRX7656021,0.6623062759
SRX7656022,0.7717770533
SRX7656023,0.1604425233
SRX7656024,0.6406744943
SRX7656025,0.6213179665
SRX7656026,0.4934721911
SRX7656027,0.5881253297
SRX7656028,0.4485542823
SRX7656029,0.3079804177
SRX7656030,0.7336565558
SRX7656031,0.5837744060000001
SRX7656032,0.46715421500000004
SRX7656033,0.47344541370000004
SRX7656034,0.3388501116
SRX7656035,0.7358596483000001
SRX7656036,0.6948621655
SRX7656037,0.5895938195
SRX7656038,0.4209238353
SRX7656039,0.0123597753
SRX7656040,0.0964010761
SRX7656041,-0.1087608514
SRX7656042,0.1280633406
SRX7656043,-0.051214503700000004
SRX7656044,0.0616211248
SRX7656045,-0.1734200387
SRX7656046,0.3855398794
SRX7656047,0.3397290206
SRX7656048,0.0635600931
SRX7656049,0.3214553532
SRX7656050,0.23607877370000002
SRX7656051,-0.40520380500000003
SRX7656052,-0.4217264934
SRX7656053,-0.4128482591
SRX7656054,1.0147359631
SRX7656055,1.0123910343
SRX7656056,1.0400459209
SRX7656057,1.1695315691000001
SRX7656058,1.19086451
SRX7656059,1.0127438224
SRX7656060,1.0960632216
SRX7656061,1.1153269086
SRX7656062,1.0981724398
SRX7656063,0.5252166229
SRX7656064,0.5729263573
SRX7656065,0.5491257364000001
SRX7656066,-0.1850014133
SRX7656067,-0.3734892462
SRX7656068,-0.1318861027
SRX7656069,-0.2120824447
SRX7656070,-0.2053944896
SRX7656071,-0.29554051340000004
SRX7656072,-0.2897679822
SRX7656073,-0.10862790030000001
SRX7656074,-0.4399996514
SRX7656075,-0.8644633554000001
SRX7656076,-1.0741398077
SRX7656077,-0.7650059345
SRX7656078,0.26419877810000003
SRX7656079,0.22948652160000002
SRX7656080,0.2712364281
SRX7656081,0.2517988362
SRX7656082,0.0081751757
SRX7656083,0.2744301247
SRX7656084,0.2690586139
SRX7656085,0.2192304849
SRX7656086,-0.0204111774
SRX7656087,-0.27929970390000003
SRX7656088,-0.32741894390000004
SRX7656089,-0.2720973587
SRX7656090,0.1141012448
SRX7656091,0.1532663753
SRX7656092,0.10541082090000001
SRX7656093,0.0656697366
SRX7656094,-0.006692974700000001
SRX7656095,0.0117403575
SRX7656096,0.3581816014
SRX7656097,0.6631955745
SRX7656098,0.3281032443
SRX7656099,0.4069123328
SRX7656100,0.4653266587
SRX7656101,0.0838690019
SRX7656102,0.6214553914000001
SRX7656103,0.6182772119000001
SRX7656104,0.5303074183
SRX7656105,0.15537252270000002
SRX7656106,0.1581192239
SRX7656107,-0.2871181733
SRX7656108,0.16160157090000002
SRX7656109,0.38063476560000004
SRX7656110,0.1281673758
SRX7656111,0.28391433180000003
SRX7656112,0.2972235489
SRX7656113,0.24930838660000001
SRX7656114,0.5336401408
SRX7656115,0.3204587528
SRX7656116,0.1370694848
SRX7656117,-0.506679514
SRX7656118,-0.11615160640000001
SRX7656119,-0.1786665533
SRX7656120,0.1100877167
SRX7656121,0.2137735227
SRX7656122,0.0047034219
SRX7656123,-0.021406064000000002
SRX7656124,0.0960917236
SRX7656125,-0.0363037099
SRX7656126,0.0809908217
SRX7656127,-0.1821347565
SRX7656128,-0.19430393040000002
SRX7656129,-0.1139729599
SRX7656130,-0.47674431250000004
SRX7656131,-0.3035797364
SRX7656132,0.060074359800000005
SRX7656133,-0.2237915873
SRX7656134,-0.1494154982
SRX7656135,-1.7088547723
SRX7656136,-1.4099262958
SRX7656137,-1.6457654562
SRX7656138,-1.7918077765
SRX7656139,-2.0883094054
SRX7656140,-1.6470898539
SRX7656141,-1.7273690737
SRX7656142,-1.9308666404000001
SRX7656143,-1.1064705240000001
SRX7656144,-0.5243838889
SRX7656145,-0.6843733002
SRX7656146,-0.6157159769
SRX5388319,-0.10221480150000001
SRX5388320,-0.0718808712
SRX5388321,0.1740956727
SRX5388322,-0.3329167441
SRX5388323,-0.2513298284
SRX5388324,0.3271010099
SRX5388325,-0.2721531239
SRX5388326,-0.0642395825
SRX5388327,-0.2753907242
SRX8708326,0.031487393100000004
SRX8708328,-0.2424274568
SRX8708335,0.0694636431
SRX8708336,0.058662491500000004
SRX8708337,0.1143013222
SRX8708338,0.5098737384
SRX8708339,0.5018060287
SRX8708340,0.42832396450000004
SRX8708365,0.6742379215000001
SRX8708366,0.6800115775000001
SRX8708368,0.5479186839
SRX8708369,0.093359681
SRX8708370,0.3235177784
SRX8708371,0.1649059544
SRX4166001,0.39575817
SRX4166002,-0.1413774722
SRX4166003,-0.2543806977
SRX4166004,0.6288469882000001
SRX4166005,0.9694044652
SRX4166006,1.1699196359
SRX4166007,0.6466924159
SRX4166008,-0.6336853278
SRX4166009,-0.5413536566
SRX4166010,1.2848384003
SRX4166011,0.6402386528
SRX4166012,1.1607820411
SRX5000481,-0.26145987930000003
SRX5000482,0.31095271900000004
SRX5000483,0.0025982449000000003
SRX5000484,-0.4048422835
SRX5000485,-0.9839768139
SRX5000486,-0.37940838990000003
SRX5000487,-0.171802321
SRX5000488,0.1190233703
SRX5000489,-0.2813224164
SRX5000490,0.0732628912
SRX5000491,0.2125584591
SRX5000492,-0.88442564
SRX5000493,0.49435483550000003
SRX5000494,0.6866624342000001
SRX5000495,-0.2553199138
SRX5000496,-0.4507582552
SRX5000497,0.10967280930000001
SRX5000498,0.06525473450000001
SRX5000499,0.9213674715
SRX5000500,-0.1749275438
SRX5000501,-0.3082367595
SRX5000502,-0.9117658449
SRX5000503,-0.49455992120000003
SRX5000504,-0.2611414043
SRX5000505,-0.3268447114
SRX5000506,-0.5009436013
SRX5000507,-0.0168042115
SRX5000508,-0.1966689442
SRX5000509,-0.2161922184
SRX5000510,-0.7252143041
SRX5000511,-0.64213485
SRX5000512,-0.2290471509
SRX5000513,-0.4860090274
SRX5000514,-1.0030752969
SRX5000515,-0.2203880078
SRX5000516,-0.43259121640000003
SRX4124772,0.6129569441
SRX4124773,0.1697491364
SRX4124774,-0.3579094004
SRX4124775,0.3579094004
SRX5323946,-0.0015155066
SRX5323947,0.0015155066
SRX5323948,0.0150318957
SRX5323949,-0.5263754902000001
SRX5323950,0.18943307080000002
SRX5323951,0.1871296589
SRX5323952,0.0301925871
SRX5323953,-0.0219403633
SRX5323954,0.5342809853
SRX5323955,0.6961740630000001
DRX093856,-0.16914897310000002
DRX093857,0.2967837376
DRX093858,0.5223024275
DRX093859,0.38532596210000003
DRX093860,0.1152656761
DRX093861,0.1849130257
DRX093862,0.6191485379
DRX093863,0.6683259167000001
DRX093864,0.46721404780000003
DRX093865,-0.11403392030000001
DRX093866,-0.0157640526
DRX093867,0.6804198821
DRX093868,0.7249262844000001
DRX093869,0.039225217900000005
DRX093870,0.0206077903
SRX6366242,0.15888659400000002
SRX6366243,0.2460563254
SRX6366244,0.0116049609
SRX6366245,0.1445083684
SRX6366246,-0.045421521
SRX6366247,-0.2534711745
SRX6366248,0.2114093621
SRX6366249,0.3472344013
SRX6366250,0.0415574962
SRX6366251,-0.006219966800000001
SRX6366252,0.0048731374
SRX6366253,-0.0048731374
SRX254739,0.3489357388
SRX254740,0.0180838122
SRX254741,-0.17329708430000001
SRX254742,-0.15026626640000001
SRX254743,-0.0755243437
SRX254744,-0.1345540725
SRX254745,-4.5535211669999995
SRX254746,-4.5527556894
SRX254747,-3.9928666463
SRX254748,-4.7646310136
SRX254749,-4.325698607
SRX254750,-4.262727928
SRX254751,-4.6528250797
SRX254752,-4.0060372464
SRX254753,-4.1796856495
SRX254754,1.4939939473
SRX254755,0.9863395316
SRX254756,1.0788230005
SRX254757,0.7457030004
SRX254758,-0.0120690133
SRX254759,0.2755167955
SRX254760,-4.0739907746
SRX254761,-4.1753349324
SRX254762,-4.5874276698
SRX254763,0.8578196389
SRX254764,0.5458137263
SRX254765,0.8486801296
SRX254766,0.2474692933
SRX254767,0.28799574180000004
SRX254768,0.2618048746
SRX254772,0.5205149597000001
SRX254773,0.4813120991
SRX254774,0.2651206787
SRX254775,-0.086758216
SRX254776,-0.1735851931
SRX254777,0.0384112665
SRX254778,0.3007917473
SRX254779,0.6185555405000001
SRX254780,-0.0926306353
SRX254781,-0.0219142921
SRX254782,0.002470405
SRX254783,0.1185274463
SRX254784,-0.317015621
SRX254785,-0.26066929710000003
SRX254786,-0.09673640800000001
SRX7136401,-0.0905665294
SRX7136403,-0.2250051171
SRX7136405,1.6956938346000001
SRX7136407,1.0519600914
SRX7136409,1.2346549543
SRX7136411,0.3155716465
SRX3754949,-0.06459151020000001
SRX3754950,-0.2587426888
SRX3754951,0.32333419900000004
SRX3754952,-0.0676901304
SRX3754953,-0.36295499400000003
SRX3754954,0.14183247940000002
SRX3754955,4.3559433926
SRX3754956,4.2830410865
SRX3754957,4.3070079813
SRX3754966,-0.038123744200000004
SRX3754967,-0.0743150855
SRX3754969,-0.1719900061
SRX1424798,-0.1670029946
SRX1424799,0.1670029946
SRX1424800,0.1271329051
SRX1424801,-0.2008592905
SRX1424802,-0.1026767128
SRX1424803,-0.11860166670000001
SRX1424804,0.2936174337
SRX1424805,0.384339576
SRX1424806,0.4379713209
SRX1424807,0.0400445237
SRX1424808,0.0565188432
SRX1424809,0.5245302058
SRX1424816,0.46720838750000004
SRX1424817,1.5494166903000002
SRX1424818,0.33496722160000003
SRX1424819,0.06386030300000001
SRX1424824,0.7477422585
SRX1424825,0.47557519410000004
SRX1424826,-0.0553464035
SRX1424827,0.20963428850000002
SRX1424828,-0.28856085270000004
SRX1424829,0.0764153633
SRX1424830,0.0282023361
SRX1424831,0.1715229915
SRX1424834,0.43752767130000003
SRX1424835,0.9911943895
SRX1424840,0.3545487767
SRX1424841,0.6033136268
SRX1424842,0.3134008069
SRX1424843,0.013254048000000001
SRX1424844,1.8834162439000002
SRX1424845,1.2871647130000001
SRX1424846,0.7944335947000001
SRX1424847,0.5692397942
SRX5060277,0.3386986005
SRX5060279,-0.1373080307
SRX5060281,-0.3386986005
SRX5060283,-0.0339444083
SRX5936089,-0.2676262231
SRX5936090,0.1417162029
SRX5936091,-0.2898522692
SRX5936092,0.41576228940000004
SRX5936093,-2.2408207221
SRX5936094,-2.5877935026000003
SRX5936095,-2.9763828802
SRX5936096,-2.8137833668
SRX5936097,-3.1017180946
SRX5936098,-2.8711339649000003
SRX5936099,-3.0935232099
SRX5936100,-3.1123669342999998
SRX5936101,-3.8167068291
SRX5936102,-3.5617258433
SRX5936103,-3.3938153395
SRX5936104,-3.9755888849
SRX5936105,-3.8017739141
SRX5936106,-3.3691190272
SRX5936107,-3.910308537
SRX5936108,-3.6707853647
SRX5936109,-3.6924753213
SRX5936110,-3.7583096227
SRX5936111,-4.0297192313
SRX5936112,-3.6279120428000002
SRX5936113,-3.678006717
SRX5936114,-3.6091730339
SRX5936115,-3.4363103815000002
SRX5936116,-3.4355239939
SRX5936118,-2.6476944748999998
SRX5936119,-2.5233109325000003
SRX5936121,-2.063009885
SRX5936122,-2.0273617633
SRX5936123,-1.5184762348
SRX5936124,-1.22934696
SRX5936125,-1.7696978829
SRX5936126,-1.9609257617
SRX5936128,2.3704633988
SRX5936129,2.5643217361
SRX5936130,2.3855955937
SRX5936131,2.6172126195
SRX5936132,2.5590609898
SRX5936133,2.787122828
SRX5936134,2.782766646
SRX5936135,2.7547026885
SRX5936137,0.6549336368
SRX5936138,1.0275977977
SRX5936139,-0.1612398833
SRX5936140,-0.015105427500000001
SRX5936141,-0.1654456734
SRX5936142,-0.1115690015
SRX5936143,0.0848742276
SRX5936144,0.1617617745
SRX8557650,0.3840165507
SRX8557651,-0.10314250870000001
SRX8557652,-0.280874042
SRX8557653,0.7922754004
SRX8557654,0.6447835131
SRX8557655,0.25274020070000003
SRX8557656,1.4402233639
SRX8557657,1.7425971081
SRX8557658,1.5663679889000002
SRX8557659,2.3349793351
SRX8557660,2.4990362812
SRX8557661,2.5149266187
SRX8557662,0.7116544831
SRX8557663,0.7015444778000001
SRX8557664,0.8239062969000001
SRX8557665,1.4441713287
SRX8557666,1.2657801158
SRX8557667,1.0605703805
SRX3405147,-0.23754369560000002
SRX3405148,-0.1395786498
SRX3405149,0.3771223454
SRX3405150,-0.1808529506
SRX3405151,-0.387702119
SRX3405152,0.036821244
SRX3405153,-0.38160734960000003
SRX3405154,-0.6206458772
SRX3405155,-0.6367442113
SRX3405156,-0.7555979202
SRX3405157,-0.48419444030000003
SRX312063,0.4890919345
SRX312064,0.6292729998000001
SRX312065,-0.3563753065
SRX312066,1.0010469373
SRX312067,1.0928522623
SRX312068,1.5704820857000001
SRX312069,1.5118280510000002
SRX312070,-0.0789696639
SRX312071,0.0789696639
SRX312072,0.5031565482
SRX312073,0.4298915106
SRX312074,1.9855142688
SRX312075,1.7046937047
SRX312076,1.1379776208
ecoli_00001,0.077206207
ecoli_00002,-0.077206207
ecoli_00003,1.623966136
ecoli_00004,1.746083116
ecoli_00005,-0.15530453200000002
ecoli_00006,-0.387289898
ecoli_00007,1.876442136
ecoli_00008,1.876165371
ecoli_00009,0.79185519
ecoli_00010,0.9212481290000001
ecoli_00011,0.71675513
ecoli_00012,0.6824807230000001
ecoli_00014,0.628383298
ecoli_00015,0.502360417
ecoli_00016,0.453260708
ecoli_00017,0.6249683380000001
ecoli_00018,0.65819821
ecoli_00019,0.958811889
ecoli_00020,1.235710835
ecoli_00021,1.6423548490000002
ecoli_00022,1.628334769
ecoli_00023,1.54079348
ecoli_00024,1.4628601730000002
ecoli_00025,1.5111336990000002
ecoli_00026,1.577821099
ecoli_00027,0.191027311
ecoli_00028,0.255765676
ecoli_00029,-0.6956878780000001
ecoli_00030,-0.784903117
ecoli_00031,-1.036374571
ecoli_00032,-1.127474257
ecoli_00033,1.9184711220000001
ecoli_00034,2.256303685
ecoli_00035,0.25312327900000003
ecoli_00036,0.19248515600000002
ecoli_00037,0.33651436
ecoli_00038,0.48707113100000005
ecoli_00039,0.24723834600000003
ecoli_00040,0.513195419
ecoli_00041,1.26335727
ecoli_00042,1.044806397
ecoli_00043,0.931706801
ecoli_00044,0.950784213
ecoli_00045,0.858378454
ecoli_00046,0.942087187
ecoli_00047,0.768281226
ecoli_00048,0.700342994
ecoli_00049,0.9862902870000001
ecoli_00050,0.066165666
ecoli_00051,0.128949413
ecoli_00052,0.6468944240000001
ecoli_00053,0.6820080150000001
ecoli_00054,-0.476890743
ecoli_00055,-0.710162189
ecoli_00056,0.286693331
ecoli_00057,0.157385054
ecoli_00058,0.08262364
ecoli_00059,0.143557435
ecoli_00060,0.429579033
ecoli_00061,0.335050508
ecoli_00062,-0.11480775200000001
ecoli_00063,-0.08975498800000001
ecoli_00064,1.400472764
ecoli_00065,1.533332769
ecoli_00066,-0.34517510500000004
ecoli_00067,-0.42151555300000004
ecoli_00068,0.34373066100000005
ecoli_00070,0.262229859
ecoli_00071,0.11045505900000001
ecoli_00072,0.38912759300000005
ecoli_00073,-0.7689206070000001
ecoli_00074,-0.5076721
ecoli_00075,-2.719071808
ecoli_00077,-0.749273513
ecoli_00078,-2.596820514
ecoli_00079,-1.4418165
ecoli_00080,0.628359043
ecoli_00081,-1.252411017
ecoli_00082,-0.094077164
ecoli_00083,-0.07590612100000001
ecoli_00084,-0.114229833
ecoli_00085,-0.27814693
ecoli_00086,0.811929392
ecoli_00087,0.909770128
ecoli_00088,1.214548847
ecoli_00089,1.2086690390000001
ecoli_00090,0.203862179
ecoli_00091,0.34673600800000004
ecoli_00092,0.093038827
ecoli_00093,0.41806905
ecoli_00094,-3.63171809
ecoli_00095,-3.496553969
ecoli_00096,0.20471332
ecoli_00097,-0.05234135
ecoli_00098,-4.054458811
ecoli_00099,-4.238094352
ecoli_00100,0.295804797
ecoli_00101,1.263344602
ecoli_00102,1.301417332
ecoli_00103,-3.048317513
ecoli_00104,-3.513372647
ecoli_00105,0.207048541
ecoli_00106,-0.059858329
ecoli_00107,-0.041404069
ecoli_00108,-0.74133505
ecoli_00109,-1.527278988
ecoli_00110,0.408638751
ecoli_00111,0.546484465
ecoli_00112,0.20379703100000002
ecoli_00113,-0.7933966290000001
ecoli_00114,-0.8448423580000001
ecoli_00115,-0.658686324
ecoli_00116,0.7777203500000001
ecoli_00117,0.963274803
ecoli_00118,0.8093813400000001
ecoli_00119,0.585593282
ecoli_00120,0.6777718810000001
ecoli_00121,0.593535064
ecoli_00122,2.337893153
ecoli_00123,2.511225967
ecoli_00124,2.353842628
ecoli_00125,-1.126793977
ecoli_00126,0.575233804
ecoli_00127,0.495235833
ecoli_00128,-0.448953221
ecoli_00129,-2.244801348
ecoli_00130,-0.8179053180000001
ecoli_00131,-0.702411548
ecoli_00132,1.519753744
ecoli_00133,-2.9989628170000002
ecoli_00134,0.8875346660000001
ecoli_00135,0.9844095410000001
ecoli_00136,0.556600242
ecoli_00137,0.18447859600000002
ecoli_00138,-2.437208911
ecoli_00139,-0.48645473800000005
ecoli_00140,0.36778552800000003
ecoli_00141,-0.5771666520000001
ecoli_00142,0.625094598
ecoli_00143,-1.117296267
ecoli_00144,-2.720059191
ecoli_00145,1.435206884
ecoli_00146,0.136925123
ecoli_00147,-1.909009329
ecoli_00148,-3.485382445
ecoli_00149,-0.539255151
ecoli_00150,-3.201717208
ecoli_00151,-1.4853198220000001
ecoli_00152,-0.80669366
ecoli_00153,-0.446867008
ecoli_00154,-4.1876058
ecoli_00155,-0.41254064700000004
ecoli_00157,-2.007600627
ecoli_00158,-0.5913714240000001
ecoli_00159,-3.220712546
ecoli_00160,-0.17154734700000002
ecoli_00169,-0.49648269400000006
ecoli_00170,-0.795923131
ecoli_00171,0.637401426
ecoli_00172,0.129341126
ecoli_00173,-0.8247175680000001
ecoli_00174,-0.8463152660000001
ecoli_00175,-2.59489332
ecoli_00176,-2.943355286
ecoli_00177,0.44982475800000005
ecoli_00178,0.469085619
ecoli_00179,-1.013425304
ecoli_00180,-0.9784614680000001
ecoli_00181,-1.191132786
ecoli_00182,-0.9324563770000001
ecoli_00183,1.505590596
ecoli_00184,1.3678530580000001
ecoli_00185,0.192680919
ecoli_00186,0.21175948
ecoli_00187,-0.17621334
ecoli_00188,0.004572424
ecoli_00189,-0.811474801
ecoli_00190,-0.801444236
ecoli_00191,0.128751475
ecoli_00192,-0.40905336200000003
ecoli_00193,-1.028606297
ecoli_00194,-1.187371916
ecoli_00195,-0.81464236
ecoli_00196,-0.743760423
ecoli_00197,-0.9585617980000001
ecoli_00198,-0.76086482
ecoli_00199,-0.938409004
ecoli_00200,-1.054512343
ecoli_00201,-2.97141179
ecoli_00202,-2.622420567
ecoli_00203,-1.5356169030000002
ecoli_00204,-2.817804406
ecoli_00205,-3.404013495
ecoli_00206,-1.491709791
ecoli_00207,-1.743288302
ecoli_00208,-1.751123216
ecoli_00209,0.124760933
ecoli_00210,0.009276562
ecoli_00211,-0.35897021300000004
ecoli_00212,0.004075849
ecoli_00213,-2.642560891
ecoli_00214,-2.39432431
ecoli_00215,-0.05541821500000001
ecoli_00216,-0.045817318
ecoli_00217,-1.730848686
ecoli_00218,-1.62021289
ecoli_00219,0.012166838000000001
ecoli_00220,-0.032262116
ecoli_00221,0.183948722
ecoli_00222,-0.533243384
ecoli_00223,-1.497056592
ecoli_00224,-1.294304429
ecoli_00225,-2.582121446
ecoli_00226,-2.577539416
ecoli_00227,-0.036762719
ecoli_00228,0.10665816700000001
ecoli_00229,-0.023822537
ecoli_00230,-0.057020843
ecoli_00231,-0.05688881
ecoli_00232,0.084753884
ecoli_00233,-0.25295579500000004
ecoli_00234,-0.218494923
ecoli_00235,-0.23573602800000001
ecoli_00236,-0.081916259
ecoli_00237,-0.27291901500000004
ecoli_00238,-0.48729513500000005
ecoli_00239,-0.7070290730000001
ecoli_00240,-0.40882752600000005
ecoli_00241,0.127617182
ecoli_00242,0.396986722
ecoli_00243,0.12307993900000001
ecoli_00244,-0.04713897
ecoli_00245,-0.062648198
ecoli_00246,0.787592972
ecoli_00247,0.6965026950000001
ecoli_00248,0.624365327
ecoli_00249,0.22042229100000002
ecoli_00250,0.23207391
ecoli_00251,-0.610794201
ecoli_00252,-0.82685493
ecoli_00253,0.534152293
ecoli_00254,0.985511125
ecoli_00255,-0.317361757
ecoli_00256,-0.663632298
ecoli_00257,-0.054729073
ecoli_00258,0.28116992500000004
ecoli_00259,-0.00977217
ecoli_00260,0.016170833000000003
ecoli_00261,-0.38236170700000005
ecoli_00262,-0.81777281
ecoli_00263,-0.377697114
ecoli_00264,-0.616424916
ecoli_00265,1.24360011
ecoli_00266,1.23902478
ecoli_00267,-1.709007437
ecoli_00268,-1.966484378
ecoli_00269,-3.002690551
ecoli_00270,-2.560871869
ecoli_00271,-0.63250742
ecoli_00272,-0.24375770400000002
ecoli_00273,1.171618584
ecoli_00274,0.9726877140000001
ecoli_00275,1.189319604
ecoli_00276,1.119693784
ecoli_00277,-0.5628276440000001
ecoli_00278,-0.20215169200000002
ecoli_00279,2.197796233
ecoli_00280,2.817265712
ecoli_00281,-0.160931294
ecoli_00282,0.46731713500000005
ecoli_00283,0.7336963950000001
ecoli_00284,0.8357916360000001
ecoli_00285,-0.672511803
ecoli_00286,-0.524639717
ecoli_00287,-0.7107943010000001
ecoli_00288,-0.658880719
ecoli_00289,-0.22716787600000002
ecoli_00290,0.730772759
ecoli_00291,0.042679705000000005
ecoli_00292,-0.288489757
ecoli_00293,-0.38120324800000005
ecoli_00294,-0.16922246200000002
ecoli_00295,-0.24619563
ecoli_00296,0.077917868
ecoli_00297,-0.481433604
ecoli_00298,-0.38539493100000005
ecoli_00299,-1.156988019
ecoli_00300,-1.19914448
ecoli_00301,-1.358851239
ecoli_00302,-1.976019092
ecoli_00303,-0.5174735500000001
ecoli_00304,-0.505699601
ecoli_00305,-1.6106758330000002
ecoli_00306,-1.750918556
ecoli_00307,-2.057698389
ecoli_00308,-2.095524976
ecoli_00309,-2.585790876
ecoli_00310,-2.383652361
ecoli_00311,-3.93817999
ecoli_00312,-2.27689111
ecoli_00313,1.142507735
ecoli_00314,1.190711358
ecoli_00315,-2.191252109
ecoli_00316,-2.397036759
ecoli_00317,-2.361439376
ecoli_00318,-2.363106305
ecoli_00319,-0.1457677
ecoli_00320,-0.277557928
ecoli_00321,-1.2262290820000001
ecoli_00322,-1.584019466
ecoli_00323,-0.7089386400000001
ecoli_00324,-0.823739384
ecoli_00325,-0.5907993140000001
ecoli_00326,-1.094331496
ecoli_00327,-2.729176153
ecoli_00328,-3.201919893
ecoli_00329,-2.560421159
ecoli_00330,-2.804635572
ecoli_00331,-0.33886709400000004
ecoli_00332,-0.269759224
ecoli_00333,-1.369249161
ecoli_00334,-2.224774706
ecoli_00335,-0.69370602
ecoli_00336,-1.176932249
ecoli_00337,-2.962775835
ecoli_00338,-4.040405301
ecoli_00339,-1.148491486
ecoli_00340,-1.526023637
ecoli_00341,-1.128030005
ecoli_00342,-0.969162579
ecoli_00343,-1.248930729
ecoli_00344,-1.085527133
ecoli_00345,-0.57767151
ecoli_00346,-0.9750636920000001
ecoli_00347,-0.5437948490000001
ecoli_00348,-0.30702928
ecoli_00349,-0.46051524200000005
ecoli_00350,-0.08026443100000001
ecoli_00351,-1.621496853
ecoli_00352,0.266650524
ecoli_00353,-0.45958022200000004
ecoli_00354,0.173057808
ecoli_00355,-0.297011878
ecoli_00356,-0.357497618
ecoli_00357,-0.25596450400000004
ecoli_00358,-0.30615715400000004
ecoli_00359,-0.071296962
ecoli_00360,-0.32023643100000004
ecoli_00361,-0.35315376400000004
ecoli_00362,-0.359819469
ecoli_00363,0.235483885
ecoli_00364,0.32174114800000003
ecoli_00365,-5.446456654
ecoli_00366,-5.041782432
ecoli_00367,-3.406615063
ecoli_00368,-3.039140344
ecoli_00369,-0.9802463830000001
ecoli_00370,0.091330017
ecoli_00371,-4.714941899
ecoli_00372,-4.911862828
ecoli_00373,-4.489341512
ecoli_00374,-4.2499811
ecoli_00375,0.18978058
ecoli_00376,0.15290571
ecoli_00377,-4.012582963
ecoli_00378,-4.112493847
ecoli_00379,-3.275244109
ecoli_00380,-3.100183218
ecoli_00381,0.59481177
ecoli_00382,0.34564695
ecoli_00383,-4.213363632
ecoli_00384,-4.480972949
ecoli_00385,-3.035917811
ecoli_00386,-3.222865878
ecoli_00387,0.906909505
ecoli_00388,0.668194842
ecoli_00389,-4.055782632
ecoli_00390,-3.985431605
ecoli_00391,-2.586498676
ecoli_00392,-2.7405181990000003
ecoli_00393,-0.8647009999999999
ecoli_00394,-0.8180413740000001
ecoli_00395,-0.7881384010000001
ecoli_00396,-0.660281977
ecoli_00397,1.416996838
ecoli_00398,1.9382237
ecoli_00399,-2.236748908
ecoli_00400,-0.28573495200000004
ecoli_00401,-0.766901939
ecoli_00402,-0.548332471
ecoli_00403,-1.35645038
ecoli_00404,-0.5013863630000001
ecoli_00405,-0.324564212
ecoli_00406,-0.276985851
ecoli_00407,-0.6199564320000001
ecoli_00408,-0.46571362800000005
ecoli_00409,-0.39776742800000003
ecoli_00410,-0.159616746
ecoli_00411,0.344525796
ecoli_00412,0.326991966
ecoli_00413,-0.003177042
ecoli_00414,0.21859071900000002
ecoli_00415,0.59740234
ecoli_00416,0.0039778800000000005
ecoli_00417,-0.24646331700000002
ecoli_00418,-0.131088843
ecoli_00419,0.0158318
ecoli_00420,-0.09159406
ecoli_00421,0.791399014
ecoli_00422,0.796427325
ecoli_00423,-0.8804219120000001
ecoli_00424,-0.65258312
ecoli_00425,-0.554133192
ecoli_00426,-0.6276333430000001
ecoli_00427,-0.440839882
ecoli_00428,-0.604242766
ecoli_00429,-0.618569225
ecoli_00430,-0.7403198
ecoli_00431,0.8158692160000001
ecoli_00432,1.07487351
ecoli_00433,0.8810580840000001
ecoli_00434,0.502001484
ecoli_00435,-0.802560127
ecoli_00436,-0.840474009
ecoli_00437,-1.012910129
ecoli_00438,-0.927125666
ecoli_00439,-0.46699256200000006
ecoli_00440,-0.031333822000000004
ecoli_00441,-0.9121866850000001
ecoli_00442,-0.95929461
ecoli_00443,-1.080448442
ecoli_00444,-1.245530961
ecoli_00445,0.120529699
ecoli_00446,-0.04395616
ecoli_00447,-2.664681357
ecoli_00448,-2.664137914
ecoli_00449,-2.803807333
ecoli_00450,-2.619030459
ecoli_00451,-3.418708758
ecoli_00452,-3.733626401
ecoli_00453,-3.516002024
ecoli_00454,-2.701967852
ecoli_00455,-2.697154093
ecoli_00456,-2.521525693
ecoli_00457,-2.449946782
ecoli_00458,-2.402957487
ecoli_00459,-2.725824631
ecoli_00460,-2.475983528
ecoli_00461,-5.494761937
ecoli_00462,-5.834297544
ecoli_00463,-5.057501944
ecoli_00464,-5.229528543
ecoli_00465,-5.279445056
ecoli_00466,-5.067615687
ecoli_00467,-4.844829279
ecoli_00468,-4.4971919620000005
ecoli_00469,-4.85662798
ecoli_00470,-5.108741784
ecoli_00471,-5.819704336
ecoli_00472,-5.6433775740000005
ecoli_00473,-5.179794106
ecoli_00474,-5.108325789
ecoli_00475,-4.433397256
ecoli_00476,-4.394152867
ecoli_00477,-4.856380817
ecoli_00478,-5.194982711
ecoli_00479,-0.340086582
ecoli_00480,-0.32415030100000003
ecoli_00481,0.585816807
ecoli_00482,0.555311475
ecoli_00483,-1.522634804
ecoli_00484,-1.581754841
ecoli_00485,-3.646925703
ecoli_00486,-3.659985146
ecoli_00487,-4.939874437
ecoli_00488,-5.239983669
ecoli_00489,-4.464614111
ecoli_00490,-4.628421458
ecoli_00491,-4.199945648
ecoli_00492,-4.431810087
ecoli_00493,-4.185719913
ecoli_00494,-4.276786085
ecoli_00495,-0.046741768
ecoli_00496,0.036155469
ecoli_00497,-4.834222173
ecoli_00498,-4.583801627
ecoli_00499,0.789752078
ecoli_00500,0.868963656
ecoli_00501,-4.450291176
ecoli_00502,-4.382280132
ecoli_00503,-4.832780675
ecoli_00504,-4.777608211
ecoli_00505,-4.98945913
ecoli_00506,-5.512643659
ecoli_00507,-2.405375167
ecoli_00508,-2.190342641
ecoli_00509,-2.352144158
ecoli_00510,-2.347060135
ecoli_00511,-3.722248557
ecoli_00512,-3.623434007
ecoli_00513,-4.817243987
ecoli_00514,-4.989900288
ecoli_00515,-4.030420641
ecoli_00516,-4.236018517
ecoli_00517,1.033531854
ecoli_00518,1.22136726
ecoli_00519,-0.066340016
ecoli_00520,0.088829948
ecoli_00521,-0.095830813
ecoli_00522,-0.557023438
ecoli_00523,-0.47540423800000003
ecoli_00524,-0.50875702
ecoli_00525,-0.5249002150000001
ecoli_00526,-0.8261760250000001
ecoli_00527,-0.783942495
ecoli_00528,-3.042942864
ecoli_00529,-3.561658132
ecoli_00530,-3.849188363
ecoli_00531,-3.082844603
ecoli_00532,-1.904548683
ecoli_00533,-2.639226807
ecoli_00534,-1.890716472
ecoli_00535,-2.32886155
ecoli_00536,0.18622676500000002
ecoli_00537,0.6806718660000001
ecoli_00538,0.821209065
ecoli_00539,0.6949203770000001
ecoli_00540,0.21909479999999998
ecoli_00541,-0.338211091
ecoli_00542,0.339659519
ecoli_00543,0.5736134340000001
ecoli_00544,0.44647766400000005
ecoli_00545,0.365884822
ecoli_00546,-3.709436056
ecoli_00547,-3.314526258
ecoli_00548,-3.118197445
ecoli_00549,-3.116570239
ecoli_00550,-2.312978066
ecoli_00551,-2.328524122
ecoli_00552,-3.483756667
ecoli_00553,-3.075266018
ecoli_00554,-4.137401611
ecoli_00555,-4.088747759
ecoli_00556,-3.493734928
ecoli_00557,-3.529114528
ecoli_00558,-1.9367245890000002
ecoli_00559,-2.3851945580000002
ecoli_00560,-1.543173157
ecoli_00561,-0.582167266
ecoli_00562,1.2903821770000001
ecoli_00563,1.15581229
ecoli_00564,-2.161579684
ecoli_00565,-2.318794727
ecoli_00566,-2.606945007
ecoli_00567,-2.914029756
ecoli_00568,-0.487235591
ecoli_00569,-0.49734326700000003
ecoli_00570,0.43011550800000004
ecoli_00571,0.46397747600000006
ecoli_00572,0.021667399
ecoli_00573,-0.06948559500000001
ecoli_00574,-4.714359909
ecoli_00575,-4.520193046
ecoli_00576,-4.175968359
ecoli_00577,-3.422958893
ecoli_00578,-3.857164365
ecoli_00579,-4.244196216
ecoli_00580,-4.038057457
ecoli_00581,-4.128648192
ecoli_00582,-2.999545309
ecoli_00583,-3.408282545
ecoli_00584,-2.101384921
ecoli_00585,-2.555659591
ecoli_00586,-0.373458606
ecoli_00587,-0.075570596
ecoli_00588,0.9209558720000001
ecoli_00589,0.913087277
ecoli_00590,-0.103287685
ecoli_00591,-0.5362866660000001
ecoli_00592,-6.052950998
ecoli_00593,-5.369530016
ecoli_00594,-5.005801991
ecoli_00595,-4.859266858
ecoli_00596,-4.782245162
ecoli_00597,-3.155603988
ecoli_00598,-4.6958839
ecoli_00599,-2.84141748
ecoli_00600,-0.21641056500000003
ecoli_00601,-1.202517469
ecoli_00602,-1.4354516080000002
ecoli_00603,-2.639751076
ecoli_00604,0.982020497
ecoli_00605,-1.027975656
ecoli_00606,-1.571727375
ecoli_00607,-2.5585866
ecoli_00608,-3.115646049
ecoli_00609,-3.948423287
ecoli_00610,-2.305015286
ecoli_00611,-5.171119552
ecoli_00612,-3.118263292
ecoli_00613,-3.494793242
ecoli_00614,-3.175762516
ecoli_00615,-2.856762716
ecoli_00616,-3.570078411
ecoli_00617,-3.264162973
ecoli_00618,-0.289760978
ecoli_00619,-0.164550115
ecoli_00620,1.562656591
ecoli_00621,1.631638987
ecoli_00622,2.828033505
ecoli_00623,2.853958048
ecoli_00624,2.427403638
ecoli_00625,2.456951364
ecoli_00626,2.455462367
ecoli_00627,2.588691161
ecoli_00628,2.726846052
ecoli_00629,2.6089425950000003
ecoli_00630,2.363978206
ecoli_00631,2.247048188
ecoli_00632,2.310891094
ecoli_00633,2.226504847
ecoli_00634,2.219990775
ecoli_00635,2.294768402
ecoli_00636,2.346616811
ecoli_00637,2.44802274
ecoli_00638,2.890053447
ecoli_00639,2.921162568
ecoli_00640,2.650285042
ecoli_00641,2.785066408
ecoli_00642,2.402604227
ecoli_00643,2.380089977
ecoli_00644,2.785469016
ecoli_00645,2.834382009
ecoli_00646,2.800594722
ecoli_00647,2.779911989
ecoli_00648,2.817413231
ecoli_00649,2.79331248
ecoli_00650,2.565439832
ecoli_00651,2.721011538
ecoli_00652,2.290953281
ecoli_00653,2.442724534
ecoli_00654,2.7887824830000003
ecoli_00655,2.737499422
ecoli_00656,2.7932839730000003
ecoli_00657,2.818121653
ecoli_00658,2.473617447
ecoli_00659,2.453582642
ecoli_00660,2.221275545
ecoli_00661,2.04598098
ecoli_00662,2.407278489
ecoli_00663,2.633656874
ecoli_00664,2.075098837
ecoli_00665,2.114636453
ecoli_00666,2.207840235
ecoli_00667,2.137171209
ecoli_00668,2.170044223
ecoli_00669,2.152903718
ecoli_00670,2.32114334
ecoli_00671,2.290503819
ecoli_00672,-1.9253607480000001
ecoli_00673,-0.7574341760000001
ecoli_00674,0.897435517
ecoli_00675,0.733217094
ecoli_00676,2.683409802
ecoli_00677,2.812562191
ecoli_00678,2.316418057
ecoli_00679,2.146739077
ecoli_00680,0.9656775190000001
ecoli_00681,1.003102796
ecoli_00682,2.286131609
ecoli_00683,2.249808342
ecoli_00684,2.7522155230000003
ecoli_00685,2.7278653310000003
ecoli_00686,0.9210847040000001
ecoli_00687,0.423057257
ecoli_00688,2.579234207
ecoli_00689,2.6622448050000003
ecoli_00690,2.430431848
ecoli_00691,2.485523027
ecoli_00692,2.421163016
ecoli_00693,2.401590012
ecoli_00694,2.227353771
ecoli_00695,2.2844407220000003
ecoli_00696,2.117950913
ecoli_00697,2.078695681
ecoli_00698,1.110352397
ecoli_00699,0.954716027
ecoli_00700,2.593329181
ecoli_00701,2.687820263
ecoli_00702,1.553359424
ecoli_00703,1.6737945330000001
ecoli_00704,2.894160276
ecoli_00705,2.9296170420000003
ecoli_00706,2.273296465
ecoli_00707,2.419453642
ecoli_00708,2.835711375
ecoli_00709,2.786609904
ecoli_00710,2.635615971
ecoli_00711,2.522340262
ecoli_00712,2.740965976
ecoli_00713,2.731033108
ecoli_00714,2.279001578
ecoli_00715,2.100390993
ecoli_00716,0.243297918
ecoli_00717,0.142948195
ecoli_00718,0.495960946
ecoli_00719,0.528890455
ecoli_00720,0.12144023200000001
ecoli_00721,0.12431497
ecoli_00722,1.502520442
ecoli_00723,1.322933291
ecoli_00724,0.144930743
ecoli_00725,-0.139981153
ecoli_00727,-0.163482562
ecoli_00728,-0.056646191000000005
ecoli_00729,0.066176969
ecoli_00730,0.175214951
ecoli_00731,0.102685832
ecoli_00732,-0.040393022
ecoli_00733,0.11490072500000001
ecoli_00734,0.004438886
ecoli_00735,-0.040041354
ecoli_00736,0.09975982200000001
ecoli_00737,-0.201879725
ecoli_00738,-0.17846112900000002
ecoli_00739,0.18897981600000002
ecoli_00740,0.112979486
ecoli_00741,-1.668902289
ecoli_00742,-1.8724343760000002
ecoli_00743,0.11859200700000001
ecoli_00744,0.20536015500000002
ecoli_00745,0.153800598
ecoli_00746,0.24543655900000003
ecoli_00747,0.156238655
ecoli_00748,0.12578961600000002
ecoli_00749,-1.248857311
ecoli_00750,-1.745614605
ecoli_00751,0.16460793
ecoli_00752,0.17655758800000002
ecoli_00753,-0.17050914
ecoli_00754,-0.135466265
ecoli_00755,-1.019431254
ecoli_00756,-0.7854656160000001
ecoli_00757,0.029602866000000002
ecoli_00758,-0.088981717
ecoli_00759,-2.091696138
ecoli_00760,-3.602420011
ecoli_00761,0.44013726900000005
ecoli_00762,0.24567164200000002
ecoli_00763,0.08819574000000001
ecoli_00764,0.183264912
ecoli_00765,0.27959995800000004
ecoli_00766,0.319483972
ecoli_00767,0.290548597
ecoli_00768,0.550308657
ecoli_00769,0.777118166
ecoli_00770,0.786259133
ecoli_00771,-0.127206348
ecoli_00772,-0.15418818
ecoli_00773,0.9316396360000001
ecoli_00774,1.062711414
ecoli_00775,0.9805482860000001
ecoli_00776,1.015867936
ecoli_00777,0.051843596000000006
ecoli_00778,0.050599001000000005
ecoli_00779,-0.532567723
ecoli_00780,-1.197193327
ecoli_00781,0.297604021
ecoli_00782,0.452357186
ecoli_00783,0.033922381
ecoli_00784,-0.18925607600000002
ecoli_00785,-0.293867822
ecoli_00786,-0.43325423500000004
ecoli_00787,-0.066266973
ecoli_00788,-0.002343229
ecoli_00789,0.311796468
ecoli_00790,0.094806471
ecoli_00791,-1.041675621
ecoli_00792,-1.712236577
ecoli_00793,-0.22431798100000003
ecoli_00794,-0.26907298700000004
ecoli_00795,-0.710043081
ecoli_00796,-0.857546125
ecoli_00797,0.44195946300000005
ecoli_00798,-0.39236995100000005
ecoli_00799,0.085444292
ecoli_00800,0.41054736900000005
ecoli_00818,0.808356264
ecoli_00819,0.849629509
ecoli_00820,-0.25042049
ecoli_00821,-0.126494146
ecoli_00822,1.270601072
ecoli_00823,1.410088657
ecoli_00824,1.133413824
ecoli_00825,1.111252318
ecoli_00826,0.736669828
ecoli_00827,0.6284643080000001
ecoli_00828,0.433342759
ecoli_00829,0.510031615
ecoli_00830,0.722758954
ecoli_00831,0.80718724
ecoli_00832,1.572728525
ecoli_00833,1.37968862
ecoli_00834,-0.5717684590000001
ecoli_00835,-0.367459702
ecoli_00836,-0.6366235
ecoli_00837,-0.562228909
ecoli_00838,-0.7856622430000001
ecoli_00839,-0.464149542
ecoli_00840,-0.754593295
ecoli_00841,-0.746232317
ecoli_00842,-0.21260371500000003
ecoli_00843,-0.32703751000000003
ecoli_00844,-0.32940216
ecoli_00845,-0.559908646
