,A,flhD
R2,,0.5535571686730493
xmin,,-4.8555074220000005
xmid,,0.10786794111832379
xmax,,3.101601013
ystart,,-1.535882708804336
yend,,33.04474815374112
control__wt_glc__1,-0.0792627999,-0.12659477300000002
control__wt_glc__2,0.0792627999,0.12659477300000002
fur__wt_dpd__1,-3.9358332064,-1.767465609
fur__wt_dpd__2,-3.6125114207999998,-1.880887454
fur__wt_fe__1,-6.4143110012,-0.301989067
fur__wt_fe__2,-6.2970702342,-0.276890647
fur__delfur_dpd__1,-4.5752587879,-2.018074196
fur__delfur_dpd__2,-4.7049640767,-1.910472906
fur__delfur_fe2__1,-1.9093778296,0.13425278300000001
fur__delfur_fe2__2,-2.9921687868,0.121330005
acid__wt_ph5__1,-4.6268573932,-0.7547466570000001
acid__wt_ph5__2,-3.9434137559,-0.7751480550000001
acid__delgadx_ph5__2,-4.6701790342,-0.668438976
acid__delgadw_ph5__1,-3.9527634763,-1.057638203
acid__delgadw_ph5__2,-4.2811357804,-0.7929399760000001
acid__delgade_ph5__1,-4.4891410304,-0.675653637
acid__delgade_ph5__2,-4.5123236907,-0.8510678880000001
oxidative__wt_pq__1,-5.0578684897,-1.956612878
oxidative__wt_pq__2,-4.7672016841,-2.460791912
oxidative__deloxyr_pq__1,-4.5888723437,-1.464179796
oxidative__deloxyr_pq__2,-4.1448408246,-1.811936766
oxidative__delsoxr_pq__1,-5.3933409921,-1.304104916
oxidative__delsoxr_pq__2,-4.182543871,-1.859776541
oxidative__delsoxs_pq__1,-4.7528436749,-1.996021893
oxidative__delsoxs_pq__2,-5.2712099182,-1.403336773
nac_ntrc__wt_csn__1,-4.2273059173,-0.912579389
nac_ntrc__wt_csn__2,-4.7174767422,-0.8109859920000001
nac_ntrc__wt_cytd__1,-6.4591026534000004,-0.728730195
nac_ntrc__wt_cytd__2,-6.3312922466,-0.8302642440000001
nac_ntrc__wt_gln__1,-6.4854389295,-0.287646832
nac_ntrc__wt_gln__2,-6.1073263084,-0.7679582970000001
nac_ntrc__bw_delnac_csn__1,-2.6372500044000002,-1.114148526
nac_ntrc__bw_delnac_csn__2,-3.5508792222,-1.174369788
nac_ntrc__bw_delnac_cytd__1,-5.245467827,0.113220678
nac_ntrc__bw_delnac_cytd__2,-5.3269641572,-0.35367678900000005
nac_ntrc__bw_delnac_gln__1,-4.8330811506,-0.24886122600000002
nac_ntrc__bw_delnac_gln__2,-5.3186511246,-0.274518048
nac_ntrc__bw_delnac_nh4__1,23.1491213519,1.615777079
nac_ntrc__bw_delnac_nh4__2,22.9353552511,1.541546205
misc__wt_no_te__1,-5.671803805,-0.731129448
misc__wt_no_te__2,-1.4697559897,-0.445726506
misc__bw_delcbl__1,-0.7441544533000001,0.296964724
misc__bw_delcbl__2,-0.9872561443000001,0.174066895
misc__bw_delfabr__1,28.3161621318,2.249422247
misc__bw_delfabr__2,28.3372799172,2.202174337
misc__bw_delfadr__1,13.1097972893,1.071501677
misc__bw_delfadr__2,13.1193433177,1.091158002
misc__nitr_031__1,-3.8623419796,-0.5800470750000001
omics__wt_glu__1,-2.3353031304,-0.153124544
omics__wt_glu__2,-2.4228518717,-0.28167442600000003
omics__wt_gly__1,-1.0732967851,-0.229133585
omics__wt_gly__2,-0.4099605378,-0.049074383000000006
omics__wt_thr__1,-0.4839758961,-0.06289704
omics__wt_thr__2,-2.3639831114,-0.023168447
omics__bw_ac__1,9.3796444734,0.7029883920000001
omics__bw_ac__2,9.7779151855,1.087496802
omics__bw_fum__1,19.7239362306,0.920113316
omics__bw_fum__2,19.4649843517,0.887568515
omics__bw_glc__1,1.0736304253,0.509963614
omics__bw_glc__2,1.2108515027,0.142197096
omics__bw_pyr__1,3.1548847917,0.759018077
omics__bw_pyr__2,3.7322184114,0.888819797
ompr__wt_nacl__1,-4.8327933869,-1.39192601
ompr__wt_nacl__2,-5.3039084256,-2.051410534
ompr__bw_delompr_nacl__1,11.079956449,-3.2615163640000002
ompr__bw_delompr_nacl__2,10.7227764466,-2.303239407
minspan__wt_ade__1,-0.3710535874,1.456916161
minspan__wt_glc__2,18.9964375117,2.057132309
minspan__wt_glc__3,20.6665263604,2.290942062
minspan__wt_glc__4,21.2495187666,2.142775065
minspan__wt_glc_anaero__1,23.226068317,2.16048183
minspan__wt_glc_anaero__2,23.1787191291,1.96922437
minspan__wt_trp__1,17.482544874,2.513728258
minspan__bw_delcra_glc__2,1.6004801940000002,1.111017702
minspan__bw_delcra_trp__1,1.8941090569,1.534987427
minspan__bw_delmntr__1,30.5655832415,2.815457202
minspan__bw_delnac_ade__1,6.6521625965,1.17973262
minspan__bw_delnac_glc__1,18.6407336854,1.8793220970000002
cra_crp__wt_ac__1,4.1973230022,0.781585265
cra_crp__wt_ac__2,4.5103966623,0.5945523030000001
cra_crp__wt_fru__1,8.8583674549,0.808830315
cra_crp__wt_fru__2,8.9014299152,0.8181565150000001
cra_crp__delcra_ac__1,-4.1778708427,0.253090647
cra_crp__delcra_ac__2,-3.8866663687000003,0.21494110400000002
cra_crp__delcra_fru__1,-5.2851954373,-0.966138084
cra_crp__delcra_fru__2,-4.8114252292,-1.084932887
cra_crp__delcra_glc__1,-1.7685806208,-0.35500254400000003
cra_crp__delcra_glc__2,-1.7502514643,-0.351496603
rpoB__wt_031__1,-1.6222016628,0.5000578760000001
rpoB__wt_044__1,-5.4840910393,-0.021210687000000002
rpoB__wt_lb__1,-6.4125692064,-0.695450046
rpoB__wt_lb__2,-6.4592579543,-0.707259162
rpoB__rpoBE546V_031__1,-3.8596611246,-0.32673598400000003
rpoB__rpoBE546V_044__1,-5.7146901774,0.36384229
rpoB__rpoBE546V_lb__1,-7.6119553611,-1.043133153
rpoB__rpoBE546V_lb__2,-6.9570766767,-0.762233056
rpoB__rpoBE546V_glc__1,-8.3453495332,-0.26938833700000003
rpoB__rpoBE672K_glc__1,-6.8771998624,-0.900076388
rpoB__rpoBE672K_glc__2,-6.0402705597,-0.8111437810000001
rpoB__rpoBE672K_lb__1,-4.8769393226,-0.7128539580000001
rpoB__rpoBE672K_lb__2,-5.1625630306,-0.532445375
crp__wt_fru__1,16.5515942319,0.864345015
crp__wt_glyc__1,22.1355953594,1.456978364
crp__wt_glyc__2,22.1866252256,1.415658544
crp__delar1_glyc__1,-6.9504567905,-2.251953479
crp__delar1_glyc__2,-5.7117393755,-2.388129284
crp__delar1ar2_glyc__1,-6.1626904058,-1.561501683
crp__delar1ar2_glyc__2,-5.8864012379,-2.031664782
crp__delar1ar2_glyc__3,-5.8607271048000005,-2.415498399
crp__delar2_glyc__1,20.4230654956,1.414329865
crp__delar2_glyc__2,20.9748685346,1.734843162
crp__delar2_glyc__3,21.2130948901,1.480120271
crp__delcrp_fru__1,-5.5992870206,-3.297986385
crp__delcrp_fru__2,-4.3076498123,-3.916488529
crp__delcrp_fru__3,-3.7956350685,-2.528279265
crp__delcrp_glc__1,-5.1307792874,-3.493648318
crp__delcrp_glc__2,-5.020262138,-2.467526382
crp__delcrp_glc__3,-5.4373433828,-2.722754872
crp__delcrp_glyc__1,-5.8456551103,-2.899493084
crp__delcrp_glyc__2,-4.6747190669,-2.6725856720000003
crp__delcrp_glyc__3,-5.0677206963,-2.082546713
glu__glu_ale3__1,9.8973026303,-0.652939683
glu__glu_ale4__1,22.1270760642,0.247950463
glu__glu_ale5__1,31.2029591691,1.449544518
glu__glu_ale6__1,16.6679312167,0.657418391
glu__glu_ale8__1,18.3573495855,0.460553806
glu__glu_ale9__1,10.0119426154,-0.5133780370000001
glu__glu_ale10__1,18.3924074161,-0.777021065
42c__wt_42c__1,-7.1764067636,0.5328236780000001
42c__42c_ale1__1,31.4438051143,1.7774252540000002
42c__42c_ale2__1,29.0691359653,1.753271314
42c__42c_ale3__1,29.5598878722,2.489506627
42c__42c_ale4__1,20.3087318235,0.441467747
42c__42c_ale5__1,26.1724136854,2.004502254
42c__42c_ale6__1,3.6922917956,-0.43257751600000005
42c__42c_ale8__1,0.1436571754,-1.080570669
42c__42c_ale9__1,31.2411037378,2.3618647360000002
42c__42c_ale10__1,25.0838264619,0.541456201
ssw__wt_ac__1,-5.3667780657,-0.083122765
ssw__wt_glc__1,16.2736191023,1.443749003
ssw__wt_glyc__1,4.9056456015,1.458514101
ssw__wt_xyl__1,-5.4627089024,0.239087033
ssw__glc_ale1__1,-5.3202449096,0.18071463000000001
ssw__glc_ale2__1,-5.0670093804,-0.8678545320000001
ssw__glc_ale3__1,-5.6405503257,-0.43032905200000005
ssw__glyc_ale1__1,-6.2551607471,-0.22017623600000003
ssw__glyc_ale2__1,-1.732953748,-0.6450267860000001
ssw__xyl_ale1__1,22.5568597719,1.12170526
ssw__xyl_ale2__1,27.5589574735,1.807538405
ssw__xyl_ale3__1,-4.3582546392,-0.895736861
ssw__glc_ac_ac2__1,0.021514892,-1.214357268
ssw__glc_ac_glc1__1,-3.3966489234,-1.077765353
ssw__glc_glyc_glc__1,-6.073465858,-2.098721109
ssw__glc_glyc_glyc__1,0.062063808500000005,-1.41856405
ssw__glc_xyl_glc__1,-6.1005896729,-0.8073933080000001
ssw__glc_xyl_xyl__1,-5.2261950864,0.245534157
ica__wt_glc__1,34.2131586841,2.490295743
ica__wt_glc__2,34.2618474046,2.452439383
ica__wt_glc__3,33.4550987029,1.895192989
ica__wt_glc__4,31.9199966675,1.9398067270000001
ica__arg_sbt__1,30.8171198451,2.228382359
ica__arg_sbt__2,32.2412474778,2.365644629
ica__cytd_rib__1,31.4344157581,2.136301232
ica__cytd_rib__2,29.5565503437,2.124113133
ica__gth__1,-1.0662590796,-1.235841635
ica__gth__2,-1.1843149502,-1.695064113
ica__leu_glcr__1,32.8680038193,3.101601013
ica__leu_glcr__2,33.1613260894,3.088069511
ica__met_glc__1,32.4893825859,2.112304418
ica__met_glc__2,32.4980818701,2.173916207
ica__no3_anaero__1,12.620212136,0.23812283
ica__no3_anaero__2,10.2296427881,0.597006236
ica__phe_acgam__1,31.2768986903,2.518213547
ica__phe_acgam__2,31.9854292751,2.45811977
ica__thm_gal__1,32.4143953489,2.983540182
ica__thm_gal__2,32.4400137608,2.897956228
ica__tyr_glcn__1,36.4414476865,2.668535432
ica__tyr_glcn__2,36.1061360863,2.7200002850000002
ica__ura_pyr__1,30.7897688944,2.408677533
ica__ura_pyr__2,29.6854018682,2.485378561
ica__wt_glc__5,32.3270015213,2.216084835
ica__wt_glc__6,31.9100119637,2.3599868280000003
ica__bw_delpurR_cytd__1,33.4792117307,2.542113171
ica__bw_delpurR_cytd__2,31.4745379622,2.3832579799999998
ica__ade_glc__1,31.1565351173,2.306738328
ica__ade_glc__2,33.1770322881,2.701235821
ytf__wt_glc__1,-1.0454042682,-0.179178581
ytf__wt_glc__2,-3.4160076983,0.216635497
ytf__delyafC__1,-5.1881268145,0.646294314
ytf__delyafC__2,-4.7424470206,0.20717934300000002
ytf__delyeiE__1,-4.8969281258,0.714560587
ytf__delyeiE__2,-4.9097231799,0.18095771500000002
ytf__delyiaJ__1,-5.2848517658,0.039415546
ytf__delyiaJ__2,-5.625322581,0.020599499
ytf__delyieP__1,-4.5453728397,0.301111616
ytf__delyieP__2,-3.2992644489,-0.175911601
ytf__wt_ph5__1,-5.0437785391,-0.672051729
ytf__wt_ph5__2,-3.8257547725,-0.338883902
ytf__wt_ph8__1,-6.1216122826,-0.042680769
ytf__wt_ph8__2,-5.8758918457,-0.107543019
ytf__delybaO__1,-4.9729786716,0.44578902400000003
ytf__delybaO__2,-3.2653040456999998,0.825620274
ytf__delybaQ__1,-1.8703350632,0.271855673
ytf__delybaQ__2,-1.1227041069,0.041616233
ytf__delybiH__1,-3.0641148527,-0.8676692410000001
ytf__delybiH__2,-3.2999337672,-0.29116599800000004
ytf__delydcI_ph5__1,-3.6674007707,-0.174889749
ytf__delydcI_ph5__2,-3.9501390968,-0.263204243
ytf__delydcI_ph8__1,-5.4002241202,-0.38624468
ytf__delydcI_ph8__2,-5.5306610697,-0.189350447
ytf__delyddM__1,-2.5049204982,-0.256412095
ytf__delyddM__2,-2.5056893593,-0.36643869900000003
ytf__delyheO__1,-5.8953548856,0.31827007900000004
ytf__delyheO__2,-4.3099596538,0.6635284330000001
fps__bw_glc__1,-3.0310422393,0.477180152
fps__bw_glc__2,-3.4457401984000002,0.5877181810000001
fps__fps_thrA_ale1__1,9.37693967,1.839629977
fps__fps_thrA_ale1__2,9.2686701261,2.006337586
fps__fps_thrA_ale2__1,8.3835677726,1.941530786
fps__fps_thrA_ale2__2,7.4241569076000005,1.976282254
fps__fps_serB_ale1__1,18.9228960639,2.867824534
fps__fps_serB_ale1__2,18.769279294,2.725414106
fps__fps_serB_ale4__1,-5.1940248552,0.751301498
fps__fps_serB_ale4__2,-5.3458398915,1.0133175
fps__fps_ptsI_ale1__1,-0.4584076455,0.63521404
fps__fps_ptsI_ale1__2,-0.308849663,0.777167652
fps__fps_ptsI_ale3__1,5.2005400873,0.739475785
fps__fps_ptsI_ale3__2,3.6536359453,0.68866243
pal__lyx_ale2_f6__1,6.133411198,0.36918714900000005
pal__lyx_ale2__1,10.2639594276,0.8753936130000001
pal__lyx_ale2__2,10.8417791488,1.105401543
pal__lyx_ale4__1,15.597635152,1.109517462
pal__lyx_ale4__2,15.2353912073,0.990241299
pal__5drib_ale10_f18__1,0.3339882467,0.378035656
pal__5drib_ale10_f18__2,1.1565616805,0.247100229
pal__5drib_ale10__1,3.2570426295,0.40645072600000004
pal__arab_ale14_f9__1,-1.7418107963,0.5572064090000001
pal__arab_ale14_f9__2,-2.3289867741,0.479317125
pal__arab_ale14__1,3.6704554213,0.388648151
pal__arab_ale14__2,3.8859774749,0.537835476
pal__arab_ale16__1,-3.4099379783,0.866598602
pal__arab_ale16__2,-4.1297847826,0.867932514
pal__tartr_ale26_f10__1,-5.4810106737,-0.910311697
pal__tartr_ale26_f10__2,-6.2906146258,-0.260346747
pal__tartr_ale26__1,-4.7922238793,-0.100335382
pal__tartr_ale26__2,-4.3142385103,-0.012420493000000001
pal__tartr_ale28_f10__1,-2.6916918939,0.149885852
pal__tartr_ale28_f10__2,-3.5321401031,-0.22147469900000002
pal__tartr_ale28__1,6.2982439376,0.575068115
pal__tartr_ale28__2,7.4726740049,0.530433175
efeU__delmenFentC_citr__1,-3.7701583197,0.060402999000000006
efeU__delmenFentC_citr__2,-4.1501328993,-0.47311935400000005
efeU__delmenFentC__1,-5.0128909246,-0.636412612
efeU__delmenFentC__2,-5.1096324142,-0.7587817750000001
efeU__menFentC_ale39__1,-4.5957379241,-0.22288194700000002
efeU__menFentC_ale39__2,-5.3523584786,-0.238466383
efeU__menFentC_ale29__1,-7.1593580821,-1.2788957459999999
efeU__menFentC_ale29__2,-6.1750284442,-1.348244843
efeU__menFentC_ale30__1,-2.4364562678,0.9363966950000001
efeU__menFentC_ale30__2,-5.4821857781,0.283725402
efeU__menFentCubiC_ale36__1,-5.8969789677,-1.198277712
efeU__menFentCubiC_ale36__2,-6.8331018349,-0.77902878
efeU__menFentCubiC_ale37__1,-6.5581500829,-0.9361329690000001
efeU__menFentCubiC_ale37__2,-6.6908286262,-1.0344128
efeU__menFentCubiC_ale38__1,-3.9060215225,-0.175843991
efeU__menFentCubiC_ale38__2,-5.3758044377,-0.28644184300000003
misc2__salc_glc__1,-3.6276979316,0.30143253600000003
misc2__salc_glc__2,-4.8634168931,-0.06903392700000001
misc2__dbcn_glc__1,29.707069473,1.463437711
misc2__dbcn_glc__2,26.1198921759,1.381185672
misc2__tyr_glc__1,31.5006776256,2.116689324
misc2__tyr_glc__2,30.9449599071,1.942793294
misc2__arg_cytd__1,27.2112634856,1.780998534
misc2__arg_cytd__2,27.2647374826,1.557233082
misc2__delyheO_pyr__1,2.1298758997,0.5170173170000001
misc2__delyheO_pyr__2,1.9744030119,0.46639146400000003
nquinone__delubiC__1,27.1994238885,2.081093682
nquinone__delubiC__2,24.5822335991,2.067243949
nquinone__ubiC_ale1__1,17.0188873661,2.016187239
nquinone__ubiC_ale1__2,16.808611912,2.130172704
nquinone__ubiC_ale2__1,8.719714575,1.6017845400000001
nquinone__ubiC_ale2__2,8.9136879191,1.685121228
nquinone__ubiC_ale3__1,29.7215457928,2.078965756
nquinone__ubiC_ale3__2,29.4843577331,1.758260925
nquinone__ubiC_ale4__1,8.9573656457,1.745223253
nquinone__ubiC_ale4__2,9.2127574651,1.5883818729999999
nquinone__delpdhR__1,34.2565317222,2.487520671
nquinone__delpdhR__2,34.0014542278,2.742434285
quinone__glu_ale4__1,24.7539923664,1.283280991
quinone__glu_ale4__2,23.3982252706,0.628675192
quinone__delmenF__1,1.6099468356000002,0.49441161400000005
quinone__delmenF__2,-1.3482353741,0.34559976000000003
quinone__menF_ale5__1,-2.5604052615,-0.617665388
quinone__menF_ale5__2,-3.0552834062,-0.9428778360000001
quinone__menF_ale6__1,-4.1901253987,-0.341965565
quinone__menF_ale6__2,-4.4793605565,-0.376441118
quinone__menF_ale7__1,-3.4984499224,-0.176329813
quinone__menF_ale7__2,-3.5971586758000003,-0.163202068
quinone__menF_ale8__1,-1.8187207902,0.037136844
quinone__menF_ale8__2,-3.1474894271,-0.201090442
quinone__delmenFubiC__1,-5.0321523478,-0.396171798
quinone__delmenFubiC__2,-4.8696198885,-0.138630319
quinone__menFubiC_ale1__1,-2.7727795695,-0.7480392810000001
quinone__menFubiC_ale1__2,-2.1812599369,-0.9295279080000001
quinone__menFubiC_ale2__1,-5.3694180652,-1.116040735
quinone__menFubiC_ale2__2,-5.9339863608000005,-0.725380417
quinone__menFubiC_ale3__1,-0.6176210599,0.244913292
quinone__menFubiC_ale3__2,-0.7712832968000001,0.777354618
quinone__menFubiC_ale4__1,-6.2764358602,-0.8971376040000001
quinone__menFubiC_ale4__2,-6.1998949674,-1.099791068
oxyR__wt_glc__1,31.1829113338,2.244631237
oxyR__wt_glc__2,31.4605738428,2.173552001
oxyR__wt_h2o2__1,30.1079154621,2.170221132
oxyR__wt_h2o2__2,29.2055545612,1.7986536640000002
oxyR__glu_ale4__1,12.7360196446,0.924601918
oxyR__glu_ale4__2,12.4544408808,0.893076088
oxyR__glu_ale4_h2o2__1,15.2955651026,1.059471857
oxyR__glu_ale4_h2o2__2,6.6579328035,0.7125101410000001
oxyR__oxyR_ale17__1,1.0006438649,1.368485088
oxyR__oxyR_ale17__2,-2.8754892403000003,1.10586138
oxyR__oxyR_ale17_h2o2__1,8.9567786249,1.713999958
oxyR__oxyR_ale17_h2o2__2,10.8820272263,1.526206519
oxyR__oxyR_ale18__1,30.3891140214,2.001790782
oxyR__oxyR_ale18__2,30.1902424577,2.136277352
oxyR__oxyR_ale18_h2o2__1,19.6083407456,1.311755059
oxyR__oxyR_ale18_h2o2__2,22.6254920061,1.517619146
oxyR__oxyR_ale19__1,24.9073089814,2.06372208
oxyR__oxyR_ale19__2,25.3954101243,1.91510892
oxyR__oxyR_ale19_h2o2__1,27.1464903781,1.969568062
oxyR__oxyR_ale19_h2o2__2,27.6778151087,1.911255718
oxyR__oxyR_ale20__1,-5.8217347188,0.9457226830000001
oxyR__oxyR_ale20__2,-6.2028431764,1.2245723640000001
oxyR__oxyR_ale20_h2o2__1,-4.3539230652,1.173734902
oxyR__oxyR_ale20_h2o2__2,-4.3420863716,0.988142504
svns_pgi__BmePgi24_15__1,-7.0792464963,0.21844016400000002
svns_pgi__BmePgi24_15__2,-5.8927674601,0.189098176
svns_pgi__BmePgi24_26__1,-6.99271971,0.38370823800000003
svns_pgi__BmePgi24_26__2,-7.923578474,0.21180419900000003
svns_pgi__BmePgi24_41__1,-7.1719880412,0.20384786600000002
svns_pgi__BmePgi24_41__2,-6.9555387309,0.37454479300000004
svns_pgi__BmePgi24_52__1,-6.6330728702,0.177850705
svns_pgi__BmePgi24_52__2,-7.9214719096,0.129183042
svns_pgi__PaePgi2_34__1,-7.3549195633,-1.751975115
svns_pgi__PaePgi2_34__2,-8.5294284325,-1.5200819349999999
svns_pgi__PaePgi2_63__1,-8.0181579473,-1.6075423930000001
svns_pgi__PaePgi2_63__2,-8.1669101812,-1.6181470660000001
svns_pgi__PaePgi24_54__1,-7.7489978011,-1.477112251
svns_pgi__PaePgi24_54__2,-7.7596597890000005,-1.850636112
svns_pgi__PaePgi24_90__1,-8.6823508951,-1.906391237
svns_pgi__PaePgi24_90__2,-8.4253738584,-1.977305699
abx_media__m9_ctrl__1,8.0833632104,-0.100565267
abx_media__m9_ctrl__2,9.0295577125,0.206925136
abx_media__rpmi_ctrl__1,24.2101299804,2.0691477640000002
abx_media__rpmi_ctrl__2,25.8644103032,1.94828184
abx_media__camhb_ctrl__1,6.9533965588,0.8445057460000001
abx_media__camhb_ctrl__2,7.4782607912,0.607450084
abx_media__m9_mero__1,6.0828738719,-0.844547954
abx_media__m9_mero__2,9.5160908728,-0.09930185200000001
abx_media__rpmi_mero__1,21.8477189696,1.971832153
abx_media__rpmi_mero__2,23.1392511888,2.039810244
abx_media__camhb_mero__1,6.4255181887,-1.56025038
abx_media__camhb_mero__2,6.5631087745,-0.865575728
abx_media__m9_trisulf__1,10.6379761346,-1.256438904
abx_media__m9_trisulf__2,9.6305812036,-1.013137859
abx_media__rpmi_trisulf__1,2.5660750567,-1.566168539
abx_media__rpmi_trisulf__2,0.8762744971,-2.119980255
abx_media__camhb_trisulf__1,0.1080399789,-2.443539889
abx_media__camhb_trisulf__2,1.8133059443000001,-1.979469816
abx_media__m9_cef__1,10.9429913978,0.260596748
abx_media__m9_cef__2,10.9790418893,-0.027782823
abx_media__rpmi_cef__1,14.4402182383,0.018353361000000002
abx_media__rpmi_cef__2,14.095987643,0.47742122200000003
abx_media__camhb_cef__1,11.2176619107,-1.7800330500000001
abx_media__camhb_cef__2,11.7386427869,-1.59875498
abx_media__m9_cipro__1,17.0271082921,-0.682633892
abx_media__m9_cipro__2,17.0972347303,-0.7594989980000001
abx_media__rpmi_cipro__1,16.3169355234,-0.576686869
abx_media__rpmi_cipro__2,16.6578900125,-0.7895004750000001
abx_media__camhb_cipro__1,7.1538307704,-1.762879713
abx_media__camhb_cipro__2,6.8933840347,-1.586339112
hot_tale__42c_ale3_30c__1,34.2983016612,2.237680585
hot_tale__42c_ale3_30c__2,33.0229707672,2.306604151
hot_tale__42c_ale3_37c__1,32.824363504,2.395374984
hot_tale__42c_ale3_37c__2,32.9697608011,2.488447088
hot_tale__42c_ale3_44c__1,-4.4563000991,1.8608806420000001
hot_tale__42c_ale3_44c__2,-4.2511415471,1.369801592
hot_tale__hot_ale3_mid_30c__1,22.5195128645,2.020853684
hot_tale__hot_ale3_mid_30c__2,33.2682512595,2.478346114
hot_tale__hot_ale3_mid_37c__1,33.9217173865,2.650846735
hot_tale__hot_ale3_mid_37c__2,34.0238951313,2.6458565380000003
hot_tale__hot_ale3_mid_44c__1,23.1836897305,2.437296425
hot_tale__hot_ale3_mid_44c__2,20.0999933548,2.782620874
hot_tale__hot_ale3_30c__1,31.4002069562,2.2926954950000002
hot_tale__hot_ale3_30c__2,32.2795792372,2.218483095
hot_tale__hot_ale3_37c__1,31.2028815634,2.156801522
hot_tale__hot_ale3_37c__2,31.5478855904,2.114231912
hot_tale__hot_ale3_44c__1,13.7313613037,2.191115108
hot_tale__hot_ale3_44c__2,10.1391166654,2.135317868
hot_tale__hot_ale4_30c__1,31.2793755375,1.3999055980000001
hot_tale__hot_ale4_30c__2,30.9773786396,1.424411969
hot_tale__hot_ale4_37c__1,33.2326538232,2.140272454
hot_tale__hot_ale4_37c__2,33.6126450938,2.3395818840000002
hot_tale__hot_ale4_44c__1,10.5164821734,2.584985535
hot_tale__hot_ale4_44c__2,17.1283955542,2.557000468
hot_tale__hot_ale8_30c__1,33.4649830602,1.9946975390000001
hot_tale__hot_ale8_30c__2,34.3701534414,1.929778892
hot_tale__hot_ale8_37c__1,34.0583808879,2.247377594
hot_tale__hot_ale8_37c__2,34.1697102442,2.169902969
hot_tale__hot_ale8_44c__1,15.8165415674,2.837937414
hot_tale__hot_ale8_44c__2,20.929568269,2.875959558
hot_tale__hot_ale9_mid_30c__1,29.5000167926,2.109467681
hot_tale__hot_ale9_mid_30c__2,29.390730995,2.014797493
hot_tale__hot_ale9_30c__1,34.1082155578,2.243895559
hot_tale__hot_ale9_30c__2,33.895023857300004,2.236727546
hot_tale__hot_ale9_mid_37c__1,30.9870436423,2.375350876
hot_tale__hot_ale9_mid_37c__2,30.6474410431,2.338213343
hot_tale__hot_ale9_37c__1,30.8320317742,2.388963054
hot_tale__hot_ale9_37c__2,30.66937821,2.402265634
hot_tale__hot_ale9_mid_44c__1,-6.0202658334,2.041660846
hot_tale__hot_ale9_mid_44c__2,-5.5832185121,1.67586502
hot_tale__hot_ale9_44c__1,-3.6292878534,2.719363158
hot_tale__hot_ale9_44c__2,-1.7427618476000002,2.7229248530000003
hot_tale__hot_ale10_30c__1,31.0397498331,2.127534757
hot_tale__hot_ale10_30c__2,30.446044843,2.065115979
hot_tale__hot_ale10_37c__1,32.8929487312,2.267783424
hot_tale__hot_ale10_37c__2,32.9047044974,2.291156619
hot_tale__hot_ale10_44c__1,13.9875915019,2.701596198
hot_tale__hot_ale10_44c__2,8.5426436111,2.561485851
hot_tale__hot_ale16_30c__1,30.5440160214,1.960722539
hot_tale__hot_ale16_30c__2,31.0838286556,2.230470634
hot_tale__hot_ale16_37c__1,31.5923999065,2.376829036
hot_tale__hot_ale16_37c__2,31.5282123322,2.305078559
hot_tale__hot_ale16_44c__1,6.1213650874,2.850365168
hot_tale__hot_ale16_44c__2,0.9910896410000001,2.86078697
pdhr_ale__pdhR-13_51__1,21.2673597557,2.015443062
pdhr_ale__pdhR-13_51__2,19.2302827222,2.058343997
pdhr_ale__pdhR-14_46__1,-8.100721219,-4.851608785
pdhr_ale__pdhR-14_46__2,-8.5046569938,-4.8555074220000005
pdhr_ale__pdhR-15_51__1,19.7189092563,2.013723043
pdhr_ale__pdhR-15_51__2,21.2349133574,2.022892078
pdhr_ale__pdhR-16_49__1,-7.3221504567,1.692624178
pdhr_ale__pdhR-16_49__2,-7.1902349279,1.039097896
tcs__del_atoC_LiAcet__1,-7.2782696465,-0.42385319400000004
tcs__del_atoC_LiAcet__2,-6.8282071847,-0.42841595800000004
tcs__del_atoC_LiCl__1,-5.9669922813,-0.073134009
tcs__del_atoC_LiCl__2,-6.1561991433,-0.21597180600000002
tcs__del_atoC_m9__1,-4.5835917278,-0.184987947
tcs__del_atoC_m9__2,-3.7340758439,-0.26514829900000003
tcs__del_baeR_etoh__1,-1.161947731,-3.571465031
tcs__del_baeR_etoh__2,-1.1573665928,-3.161982464
tcs__del_baeR_lb__1,6.6090162632,-1.600290591
tcs__del_baeR_lb__2,6.1553531871,-1.221646087
tcs__del_btsR_01xlb__1,-4.8902398596,-2.087285561
tcs__del_btsR_01xlb__2,-5.6778940072,-2.381581365
tcs__del_btsR_lb__1,10.2906646007,-0.193044408
tcs__del_btsR_lb__2,10.0696092234,-0.800060893
tcs__del_btsR_pyruvate__1,-5.8244281855,-1.967362326
tcs__del_btsR_pyruvate__2,-5.4258092247,-2.205733366
tcs__del_cpxR_etoh__1,-2.6156900598,-3.257297788
tcs__del_cpxR_etoh__2,-2.5255328633,-2.512450325
tcs__del_cpxR_lb__1,5.3753603358,-1.107315387
tcs__del_cpxR_lb__2,5.4472444608,-1.148526223
tcs__del_cusR_CuSO4__1,5.871204594,-2.226788413
tcs__del_cusR_CuSO4__2,5.4355200713,-2.786304376
tcs__del_cusR_lb__1,8.2594356379,-1.125145748
tcs__del_cusR_lb__2,7.9163550692,-0.6361210180000001
tcs__del_kdpE_01-kcl__1,-6.4557287573,-1.506825211
tcs__del_kdpE_01-kcl__2,-6.5323634637,-1.6404222970000002
tcs__del_kdpE_115-kcl__1,-6.9962159201,-1.554000202
tcs__del_kdpE_115-kcl__2,-6.7782001675,-2.134795236
tcs__del_phoB_m9__1,-4.1649452514,-0.24288224700000002
tcs__del_phoB_m9__2,-4.2576231551,-0.350233026
tcs__del_phoB_m9p__1,-3.862799607,-3.454444507
tcs__del_phoB_m9p__2,-3.1501657874,-3.156905386
tcs__del_rcsB_etoh__1,-4.6087455975000005,-2.532460264
tcs__del_rcsB_etoh__2,-4.4889641637,-1.961429523
tcs__del_rcsB_lb__1,4.6546052394,-0.6621568990000001
tcs__del_rcsB_lb__2,4.8111763272,-0.572267706
tcs__del_zraR_lb__1,6.1344294133,-0.044089222000000004
tcs__del_zraR_lb__2,6.1653047695,-0.070173047
tcs__del_zraR_zncl2__1,-6.2062972708,-1.7654795810000001
tcs__del_zraR_zncl2__2,-5.604406255,-1.477711286
tcs__wt_01-kcl__1,-5.8179167034,-0.714947761
tcs__wt_01-kcl__2,-5.8159742458,-0.982303027
tcs__wt_01xlb__1,-3.1722048736,-1.390078173
tcs__wt_01xlb__2,-2.6578441053,-1.072624084
tcs__wt_115-kcl__1,-6.5990448184,-0.7264860200000001
tcs__wt_115-kcl__2,-6.3756215831,-0.8707352970000001
tcs__wt_CuSO4__1,20.7641278587,-1.40845285
tcs__wt_CuSO4__2,20.8691460727,-1.665768763
tcs__wt_etoh__1,1.0522034566,-2.130219255
tcs__wt_etoh__2,0.9914394946,-1.698415443
tcs__wt_lb__1,23.5628137247,0.9329411930000001
tcs__wt_lb__2,23.6389579757,1.038723316
tcs__wt_LiAcet__1,18.3230208555,1.038349543
tcs__wt_LiAcet__2,17.8801218417,1.1823322250000001
tcs__wt_LiCl__1,20.0682563186,1.085182034
tcs__wt_LiCl__2,20.0608901166,1.107320735
tcs__wt_m9p__1,19.105320441,-1.346368277
tcs__wt_m9p__2,19.1911297552,-1.629302477
tcs__wt_pyr__1,-3.0434228693,-1.226769354
tcs__wt_pyr__2,-3.3755330648,-1.446408426
tcs__wt_zncl2__1,16.5270325517,-0.683269176
tcs__wt_zncl2__2,16.5958714544,-0.68695781
ros_tale__1_112_0pq__1,9.66270959,1.323409954
ros_tale__1_112_0pq__2,11.848311840000001,1.081899625
ros_tale__1_112_250pq__1,9.6658026686,-1.113783433
ros_tale__1_112_250pq__2,10.1014733033,-0.78366343
ros_tale__1_112_750pq__1,7.5951092473,-0.9310844130000001
ros_tale__1_112_750pq__2,7.6291163536,-0.978024282
ros_tale__1_112_750pq__3,8.5237760317,-0.547643674
ros_tale__3_76_0pq__1,6.0912461524,1.566960801
ros_tale__3_76_0pq__2,5.8772467888,1.634199336
ros_tale__3_76_0pq__3,6.0443141997,1.668389833
ros_tale__3_76_0pq__4,5.7866227863,1.571051146
ros_tale__3_76_250pq__1,-5.7300670327,-1.915155968
ros_tale__3_76_250pq__2,-6.2442879308,-1.420784794
ros_tale__3_76_750pq__1,-5.7591527534,-1.852498172
ros_tale__3_76_750pq__2,-6.2284388355,-2.328670854
ros_tale__7_103_0pq__1,29.1305692251,1.019626883
ros_tale__7_103_0pq__2,29.2078233932,1.283204541
ros_tale__7_103_0pq__3,28.9713402022,0.7258731310000001
ros_tale__7_103_0pq__4,29.0903609217,1.143795575
ros_tale__7_103_250pq__1,5.5995828317,0.49905589100000003
ros_tale__7_103_250pq__2,3.2890359565000002,0.302811675
ros_tale__7_103_750pq__1,2.2040444709,0.525059287
ros_tale__7_103_750pq__2,1.9455474447,0.37028436200000003
ros_tale__9_77_0pq__1,-5.1116313968,-1.220166139
ros_tale__9_77_0pq__2,-4.6260064523,-1.194616858
ros_tale__9_77_250pq__1,-4.0801697954,-0.7091822550000001
ros_tale__9_77_250pq__2,-3.0111577072,-1.020432528
ros_tale__9_77_750pq__1,-1.6268827937,-1.060268483
ros_tale__9_77_750pq__2,-5.042745651,-0.720493292
ros_tale__11_83_0pq__1,26.464124445,0.700362201
ros_tale__11_83_0pq__2,26.1151863083,0.652641688
ros_tale__11_83_250pq__1,25.1935577836,0.472833694
ros_tale__11_83_250pq__2,23.9204580352,0.082403232
ros_tale__11_83_750pq__1,18.8535730161,-0.350806367
ros_tale__11_83_750pq__2,19.2469546579,-0.09833269300000001
ros_tale__13_87_0pq__1,32.6611510665,1.416603742
ros_tale__13_87_0pq__2,32.0039758529,1.869598019
ros_tale__13_87_250pq__1,31.2333699639,1.524327559
ros_tale__13_87_250pq__2,30.8359973923,1.11650689
ros_tale__13_87_750pq__1,28.4309951952,1.388423322
ros_tale__13_87_750pq__2,28.6868094022,1.435192073
ros_tale__14_27_0pq__1,25.8438112178,1.161184664
ros_tale__14_27_0pq__2,26.0846403452,1.084890674
ros_tale__14_27_250pq__1,23.5277079838,0.995489327
ros_tale__14_27_250pq__2,23.7816001549,1.117813052
ros_tale__14_27_750pq__1,11.3741650702,-3.667618203
ros_tale__14_27_750pq__2,8.4129216668,-3.538598843
ros_tale__16_28_250pq__1,14.1697408169,1.9345258310000002
ros_tale__16_28_250pq__2,14.3207387927,1.9303242960000002
ros_tale__16_32_0pq__1,24.1555284724,-0.22818037900000002
ros_tale__16_32_0pq__2,23.9998413379,-0.337568291
ros_tale__16_32_0pq__3,25.2094465917,1.78146988
ros_tale__16_32_0pq__4,25.3698282279,2.017093791
ros_tale__16_32_250pq__1,21.8110199331,1.632119291
ros_tale__16_32_250pq__2,21.136676691,1.688914289
ros_tale__16_32_750pq__1,21.7082837943,0.8565268220000001
ros_tale__16_32_750pq__2,21.1869303573,-0.1444464
ros_tale__17_104_0pq__1,21.8316992115,0.22326837600000002
ros_tale__17_104_0pq__2,22.9423968278,0.370184813
ros_tale__17_104_250pq__1,18.9485377487,0.903189474
ros_tale__17_104_250pq__2,20.4980306571,0.193618585
ros_tale__17_104_250pq__3,20.8535873119,0.39549014400000004
ros_tale__17_104_250pq__4,20.9274513926,0.6030434330000001
ros_tale__17_104_750pq__1,16.573355844399998,0.40372786200000005
ros_tale__17_104_750pq__2,19.5229333611,0.17986083600000002
ros_tale__18_24_250pq__1,7.6283033179,1.130108676
ros_tale__18_24_250pq__2,8.2145386267,1.29020916
ros_tale__18_36_0pq__1,17.5310756941,-1.530375451
ros_tale__18_36_0pq__2,16.6480873422,-1.475549072
ros_tale__18_36_0pq__3,18.4433323084,1.7240178080000002
ros_tale__18_36_0pq__4,18.5498874831,1.9380773320000002
ros_tale__18_36_250pq__1,12.0948018543,1.426558446
ros_tale__18_36_250pq__2,12.0241701629,1.371459705
ros_tale__18_36_750pq__1,2.0538734831,-1.006636302
ros_tale__18_36_750pq__2,0.9368556247000001,-1.979696075
ros_tale__19_91_0pq__1,11.5091639596,0.290370675
ros_tale__19_91_0pq__2,10.7679104707,0.492754028
ros_tale__19_91_250pq__1,11.1657459326,0.305591997
ros_tale__19_91_250pq__2,10.7728779026,-0.157352304
ros_tale__19_91_750pq__1,9.6435672284,-0.6223631980000001
ros_tale__19_91_750pq__2,6.9254154528,-0.002356349
ros_tale__19_91_750pq__3,10.6549335326,-1.764803415
ros_tale__19_91_750pq__4,6.8560211294,-0.9967113540000001
ros_tale__21_97_0pq__1,18.0722695592,0.5807143720000001
ros_tale__21_97_0pq__2,19.2306208574,1.785467233
ros_tale__21_97_250pq__1,14.0188117053,1.554847134
ros_tale__21_97_250pq__2,12.8819875659,2.000143696
ros_tale__21_97_750pq__1,10.2307847241,1.099072154
ros_tale__21_97_750pq__2,9.5615350733,2.054716907
ros_tale__25_111_0pq__1,20.2444023167,2.115024469
ros_tale__25_111_0pq__2,21.5245872031,0.11230522300000001
ros_tale__25_111_250pq__1,4.3388062247,1.9214321070000002
ros_tale__25_111_250pq__2,5.6399652868,0.326629677
ros_tale__25_111_750pq__1,2.270629443,0.537602782
ros_tale__25_111_750pq__2,-4.2250737501,1.539808262
ros_tale__29_119_0pq__1,2.158173324,-1.162310598
ros_tale__29_119_0pq__2,2.9387608354,-1.66625233
ros_tale__29_119_250pq__1,-2.1038988596,-1.782157577
ros_tale__29_119_250pq__2,-0.8397076403,-1.9296138470000002
ros_tale__29_119_750pq__1,-2.4424323918,-1.7635199639999999
ros_tale__29_119_750pq__2,-2.5180001554,-2.006521052
ros_tale__ALE4_0pq__1,18.104381602,1.400811778
ros_tale__ALE4_0pq__2,18.3093174002,1.4227051830000002
ros_tale__ALE4_250pq__1,0.7603523262,-0.486720874
ros_tale__ALE4_250pq__2,0.503529404,-0.584571269
pcoli__atASMT_325G__1,-5.8331573571,-0.185784112
pcoli__atASMT_325G__2,-5.3045399442,-0.13793855900000002
pcoli__bpTDC__1,-6.7231984827,-0.342374597
pcoli__bpTDC__2,-6.5464446358,-0.257552392
pcoli__BRCA__1,-6.4521087982,0.23428068700000002
pcoli__BRCA__2,-6.277511589,0.188024674
pcoli__BRCActrl__1,-7.1606218995,-0.6308251840000001
pcoli__BRCActrl__2,-6.7088876662,-0.593682578
pcoli__BRCAswap__1,-5.6760049946,-0.31695103700000005
pcoli__BRCAswap__2,-5.1728726433,-0.14393572
pcoli__btAANAT__1,-4.8695651699999996,-0.22435674
pcoli__btAANAT__2,-4.9427023337,-0.278653185
pcoli__btASMT__1,-5.2830503628,0.031733954
pcoli__btASMT__2,-5.6671907537,0.071026224
pcoli__CC1__1,-5.8449172165,-0.501647217
pcoli__CC1__2,-4.8768761852,-0.6719370410000001
pcoli__ccCOMT__1,-5.6798512305,0.185828194
pcoli__ccCOMT__2,-5.8034439538,0.031359175
pcoli__ckDDC__1,-6.6014782067,-0.918631237
pcoli__ckDDC__2,-6.2814523732,-1.279948
pcoli__CNTF_belt__1,-5.4999082361,-0.613459502
pcoli__CNTF_belt__2,-4.9165526697,-0.144547307
pcoli__cobPNMT__1,-3.9550979043,-0.044592557000000005
pcoli__cobPNMT__2,-3.879239158,-0.10708405700000001
pcoli__cvPhhB__1,-5.0294149777,0.165543569
pcoli__cvPhhB__2,-4.7089512998,0.187632172
pcoli__ggAANAT__1,-5.5407376829,0.156074126
pcoli__ggAANAT__2,-6.0529983832,0.03690393
pcoli__ggTPH__1,-5.5019816865,0.172819988
pcoli__ggTPH__2,-6.5456739815,0.055075384000000005
pcoli__hsAANAT__1,-5.116439195,-1.583310185
pcoli__hsAANAT__2,-4.819101453,-1.398316667
pcoli__hsASMT__1,-6.1922805062,0.033589979
pcoli__hsASMT__2,-6.9545204014,-0.061648501
pcoli__hsPNMT_mb__1,-5.5405633815,-0.185246516
pcoli__hsPNMT_mb__2,-5.5901148697,-0.16920547200000002
pcoli__hsTPH__1,-6.4738520865,-0.22648667900000002
pcoli__hsTPH__2,-6.676787956,0.198352355
pcoli__hsTPH_E2K__1,-5.4487073682,-0.45419901700000004
pcoli__hsTPH_E2K__2,-5.7486393801,-0.780878717
pcoli__hsTPH_E2K_N91I_P99C__1,-5.7697929189,0.032217319
pcoli__hsTPH_E2K_N91I_P99C__2,-5.8985411496,0.11798027100000001
pcoli__hsTPH_N158trunc__1,-5.8839404789,-0.705790333
pcoli__hsTPH_N158trunc__2,-6.1423239033,-0.914867109
pcoli__hsTPH_N174trunc__1,-5.8330765389,-0.255115018
pcoli__hsTPH_N174trunc__2,-6.0186937282,-0.510054055
pcoli__hsTPH_Ntermtrunc__1,-5.5866794815,-0.848898637
pcoli__hsTPH_Ntermtrunc__2,-5.8183945727,-0.508017759
pcoli__hsTPH1__1,-5.1011180157,0.07633972600000001
pcoli__hsTPH1__2,-4.9432246566,-0.141317509
pcoli__MBP__1,-4.4089776377,0.124635201
pcoli__MBP__2,-4.0876129418,-0.260847731
pcoli__msCOMT__1,-6.3776696026,0.46467448400000005
pcoli__msCOMT__2,-6.2022827083,0.338112475
pcoli__ocAANAT__1,-5.3902381902,0.258829343
pcoli__ocAANAT__2,-5.2384859851,0.011277848
pcoli__osTDC_K374H__1,-4.0866275874,-0.5090476890000001
pcoli__osTDC_K374H__2,-4.6687472406,-0.373826877
pcoli__osTDC_K374L__1,-5.5543745569,0.9362207450000001
pcoli__osTDC_K374L__2,-6.1569167793,0.66183032
pcoli__osTDC_K374Q__1,-5.0175285739,-0.05645564300000001
pcoli__osTDC_K374Q__2,-5.0680038483,-0.043941279
pcoli__osTDC_L360V__1,-5.0618835763,-0.016728550000000002
pcoli__osTDC_L360V__2,-5.6436662909,0.05080141
pcoli__pmTPH__1,-6.439441162,0.379480816
pcoli__pmTPH__2,-7.1564497951,0.34495805
pcoli__RFC__1,-4.135475229,-0.17986634
pcoli__RFC__2,-4.4715038063,-0.11846742
pcoli__RFCctrl__1,-4.9097777579,-1.388498972
pcoli__RFCctrl__2,-4.982731739,-1.698281706
pcoli__RFCnopause__1,-5.2566563067,-1.554378443
pcoli__RFCnopause__2,-5.8941419845,-2.002670742
pcoli__RFCpluspause__1,-5.7317429973,-1.509101295
pcoli__RFCpluspause__2,-4.9465476273,-1.802947987
pcoli__rnCOMT_sol__1,-5.7004489447,-1.307771849
pcoli__rnCOMT_sol__2,-5.2230243888,-1.249367303
pcoli__rnPNMT__1,-5.9505196513000005,0.525051955
pcoli__rnPNMT__2,-7.2444830143,0.41758421900000003
pcoli__rnTDC__1,-6.8756346405,0.109387172
pcoli__rnTDC__2,-6.3495635925,0.018000268
pcoli__rnTDC_trunc__1,-6.1613065388,0.382253762
pcoli__rnTDC_trunc__2,-6.7680112323,0.291439532
pcoli__saCOMT_T2A__1,-5.5539523848,0.065870999
pcoli__saCOMT_T2A__2,-5.8988391479,0.16423868800000002
pcoli__sfCOMT__1,-4.6230749943,0.27440980600000003
pcoli__sfCOMT__2,-4.9545453306,0.154865719
pcoli__sgAANAT_D63G__1,-4.772578432,0.033138937
pcoli__sgAANAT_D63G__2,-4.683847259,0.166320968
pcoli__ssDDC__1,-6.2187935271,0.336592479
pcoli__ssDDC__2,-6.8251918699,-0.063561534
pcoli__TP53B__1,-5.7589949979,-0.0023514070000000002
pcoli__TP53B__2,-5.9659696589,-0.173399895
pcoli__WT__1,-4.7421453575,-0.856580706
pcoli__WT__2,-4.9515589829,-0.41341600300000003
cck__glu_ale4__1,7.2305742718,1.530131763
cck__glu_ale4__2,3.5047101660999997,1.398647109
cck__cck_ale1__1,3.0223072228,1.266808652
cck__cck_ale1__2,3.5240162103,1.53598082
cck__cck_ale2__1,2.5336849034,1.246653091
cck__cck_ale2__2,1.4078906898999999,1.194462937
cck_pgi__gmos_delpgi__1,2.8290988317,1.607809802
cck_pgi__gmos_delpgi__2,13.8160191041,1.294410402
cck_pgi__pgi_ale1__1,2.2339227012,1.60958422
cck_pgi__pgi_ale1__2,-2.4063743647,1.387747062
cck_pgi__pgi_ale2__2,-2.4411449419,1.336186397
cck_pgi__pgi_ale3__1,5.8191690013,0.965262473
cck_pgi__pgi_ale3__2,1.0393193604,0.823874513
cck_pgi__pgi_ale4__1,3.933378317,0.24779213400000002
cck_pgi__pgi_ale4__2,3.4758375783,-0.240535355
cck_pgi__pgi_ale4__3,2.0329302222,-0.42760753100000004
cck_pgi__pgi_ale5__1,4.5718891917,2.132198553
cck_pgi__pgi_ale5__2,5.1371647423,1.929910848
cck_pgi__pgi_ale6__1,8.4521986276,1.567412988
cck_pgi__pgi_ale6__2,2.1050117646,1.669288221
cck_pgi__pgi_ale7__1,11.5406336324,1.645697396
cck_pgi__pgi_ale7__2,7.1981337204999996,1.711156144
cck_pgi__pgi_ale8__1,3.7677405943,1.43310787
cck_pgi__pgi_ale8__2,2.1601256187,1.3663390450000001
cck_sdh__gmos_delsdhCB__1,-2.9328456162,0.8893988030000001
cck_sdh__gmos_delsdhCB__2,-0.3185668173,0.332946976
cck_sdh__sdh_ale1__1,-2.9502680154,0.6148693070000001
cck_sdh__sdh_ale1__2,-3.5102846163,0.8481720140000001
cck_sdh__sdh_ale2__1,-1.5047250134999999,1.415217529
cck_sdh__sdh_ale3__2,-1.9769371676,1.020012199
cck_sdh__sdh_ale3__1,-1.5725643623,1.3008945010000001
cck_sdh__sdh_ale3__3,-1.180658698,0.949101729
cck_pts__gmos_delptsHIcrr__2,7.9959633100000005,-1.237936841
cck_pts__gmos_delptsHIcrr__1,3.6345283587,-1.188695122
cck_pts__pts_ale1__2,-4.8085520619,-2.70817893
cck_pts__pts_ale1__1,-4.9408514347,-2.420806936
cck_pts__pts_ale2__2,-5.4352645681,-1.6652563009999999
cck_pts__pts_ale2__1,-5.9515662844,-1.175314356
cck_pts__pts_ale3__2,-4.9247307503,-3.205453174
cck_pts__pts_ale3__1,-4.7706957324,-2.595882176
cck_pts__pts_ale4__2,14.07813927,1.446035329
cck_pts__pts_ale4__1,12.1710429707,1.601519921
cck_gnd__gmos_delgnd__1,-6.0014505949,0.731093882
cck_gnd__gmos_delgnd__2,-6.4575816706,0.248338161
cck_gnd__gnd_ale1__1,3.9213060638,1.366198828
cck_gnd__gnd_ale1__2,1.356989958,1.325707137
cck_gnd__gnd_ale2__1,7.3304133821,1.56817921
cck_gnd__gnd_ale2__2,11.8613826381,1.342015862
cck_gnd__gnd_ale3__1,3.3245287876000003,1.198225184
cck_gnd__gnd_ale3__2,0.4323894753,1.132838364
cck_tpiA__gmos_deltpiA__1,11.4358381769,1.930669828
cck_tpiA__gmos_deltpiA__2,9.643716252699999,1.904315897
cck_tpiA__tpiA_ale1__1,14.6877028228,2.355773033
cck_tpiA__tpiA_ale1__2,17.5987983617,2.180608389
cck_tpiA__tpiA_ale2__1,16.7220208223,2.656173079
cck_tpiA__tpiA_ale2__2,16.7322370205,2.533410137
cck_tpiA__tpiA_ale3__1,16.6997212673,1.985590768
cck_tpiA__tpiA_ale3__2,13.195783025,2.094717017
cck_tpiA__tpiA_ale4__1,13.9928894236,2.3702205100000002
cck_tpiA__tpiA_ale4__2,13.082762117,2.391969007
acid_tale__acid_ale1_pH7__1,9.8048964819,1.584817111
acid_tale__acid_ale1_pH7__2,9.2966544633,1.789440009
acid_tale__acid_ale1_pH5__1,19.1338042985,0.534554463
acid_tale__acid_ale1_pH5__2,18.0887394845,0.87338931
acid_tale__acid_ale2_pH7__1,9.1682375941,1.778302401
acid_tale__acid_ale2_pH7__2,7.7988727098,1.730282629
acid_tale__acid_ale2_pH5__1,14.3802996001,2.066788898
acid_tale__acid_ale2_pH5__2,14.0640421208,0.230508076
acid_tale__low_Mg_ale_pH7__1,2.6710465775000003,1.2758258420000002
acid_tale__low_Mg_ale_pH7__2,4.2895027297,1.339997539
acid_tale__low_Mg_ale_pH5__1,6.2876259713,1.987036433
acid_tale__low_Mg_ale_pH5__2,1.9293218854,1.715356922
acid_tale__MES_ale_pH7__1,21.4198719839,1.782434629
acid_tale__MES_ale_pH7__2,20.4961356762,1.937089678
acid_tale__MES_ale_pH5__1,20.1960804528,2.023260118
acid_tale__MES_ale_pH5__2,16.4513102442,1.7688080099999999
acid_tale__gmos_pH7__1,22.7011243356,1.804246303
acid_tale__gmos_pH7__2,22.7541794666,1.761044316
acid_tale__gmos_pH5__1,25.0462256361,2.18926637
acid_tale__gmos_pH5__2,26.309948446900002,2.501947526
adnB__wt_adn__1,-7.1609490991,0.025628881000000003
adnB__wt_adn__2,-7.6180065028,0.36139795500000005
adnB__delydhB_adn__1,-6.7981920713,0.036679170000000004
adnB__delydhB_adn__2,-5.3025944132,0.190345073
ytf2__wt_glc__1,-2.7329361277,0.5339791890000001
ytf2__wt_glc__2,-2.5643517371,0.5574168620000001
ytf2__ybcM_glc__1,-1.808513982,0.066219288
ytf2__ybcM_glc__2,-2.7088628201000002,-0.390228177
ytf2__ydhB_glc__1,-2.7228181797,-0.220108784
ytf2__ydhB_glc__2,-3.2666589647,-0.30495511200000003
ytf2__yfeC_glc__1,-3.1027325932,0.21078253600000002
ytf2__yfeC_glc__2,-3.0234642175,-0.30016992800000003
ytf2__yciT_glc__1,-3.608934493,0.340696649
ytf2__yciT_glc__2,-3.4221041985,0.837991001
ytf2__ydiZ_glc__1,-1.1031307919,0.8294629910000001
ytf2__ydiZ_glc__2,-0.4673698009,0.742665813
ytf2__ynfL_glc__1,-1.9533323903,0.47513253400000005
ytf2__ynfL_glc__2,-1.7898886041000002,0.517743234
misc2__dellon_glc__1,23.4351468412,-1.040183607
misc2__dellon_glc__2,22.525594955,-1.235189509
ytf3__wt_glc2__1,-2.2088841846,0.371425695
ytf3__wt_glc2__2,-2.186779583,0.277890805
ytf3__wt_pH7_lactate__1,-4.1512218802,0.19173571
ytf3__wt_pH7_lactate__2,-4.4332396829,0.08212485400000001
ytf3__wt_pH55_lactate__1,-4.2586026234,0.450820109
ytf3__wt_pH55_lactate__2,-4.7001750219,-0.060830299000000004
ytf3__wt_pH55_HCl__1,-4.3228886335,0.082334155
ytf3__wt_pH55_HCl__2,-4.6290046936,0.20290555300000002
ytf3__dyieP_pH7__1,-2.5123303755,0.30987089
ytf3__dyieP_pH7__2,-2.156785236,0.331370893
ytf3__dyieP_pH55__1,-3.6181358642,0.18930131900000002
ytf3__dyieP_pH55__2,-3.2277142367,0.151933492
