,A,RpoH,Lrp
R2,,0.10586798638642325,0.04979579507665455
xmin,,-2.9133666436,-10.1521245118
xmid,,0.15151495948340016,-2.5424801146063203
xmax,,4.1537368575,2.3501929199
ystart,,1.164596868462312,3.437089825404729
yend,,8.926863573293682,-0.4364189292304137
aat__00m_00s__1,0.571367242,0.3158990847,0.1917489778
aat__00m_30s__1,0.6151071885,0.2409029769,-0.0036410337
aat__01m_00s__1,0.30218248870000003,0.2002328318,0.0638516938
aat__02m_00s__1,0.5568669704,0.18854769130000001,0.1884466547
aat__05m_00s__1,0.7433539944,0.43648593950000003,0.2606995247
aat__10m_00s__1,1.2883568367,-0.20375324690000002,-0.18787669680000002
aat__00m_00s__2,-0.7778333829,-0.2373944422,-0.0850462209
aat__00m_30s__2,-0.17849997920000002,0.0515220279,0.23201001070000002
aat__01m_00s__2,-0.015382066500000001,0.009921239,0.4624908091
aat__02m_00s__2,0.3874886028,0.012858076900000001,0.5094912821
aat__05m_00s__2,0.3401288397,0.3126937497,0.42741818940000004
aat__10m_00s__2,0.042220796000000005,0.08921797100000001,-0.011315053200000001
aat__00m_00s__3,0.2064661409,-0.0785046425,-0.1067027569
aat__00m_30s__3,0.8859085138,0.0397088413,-0.034949130700000004
aat__01m_00s__3,0.3363574271,-0.0542938684,-0.0507207701
aat__02m_00s__3,0.9426340015,0.0389594141,0.0607301561
aat__05m_00s__3,1.3112918314,0.6132251999,0.6821826714
aat__10m_00s__3,1.0443395098,0.3190932916,0.1046706146
abx_mega__dmso-2__1,-2.532685498,-1.8356514133,-0.07686038270000001
abx_mega__ery_dmso__1,4.4719856582,0.3571557738,-0.4184515133
abx_mega__nal_naoh__1,0.505569428,-1.5155147868999999,-0.0463286922
abx_mega__dmso-5__1,0.8746984124,-0.062338824,0.291528555
abx_mega__rif_dmso__1,1.3275639167,-0.9687080964,0.5837445491000001
abx_mega__novo_h2o__1,4.8076529561,0.141840136,-0.5783668051
abx_mega__rach_dmso__1,-0.6610332003,-0.4366690435,-0.3544948952
abx_mega__metro_dmso__1,4.1779459753,0.0678955502,-0.0169901278
abx_mega__dmso-6__1,-0.1424933111,-0.8022118136,-0.19775123900000002
abx_mega__chl_h2o__1,-0.2207491288,0.0578202198,-1.3513809867
abx_mega__cst_h2o__1,0.3697553504,-0.057762475300000005,-0.0936446555
abx_mega__tec_h2o__1,1.139034046,-0.8281045003,-0.29484850100000004
abx_mega__str_h2o__1,2.2399212002,-1.1474360118,0.0541041576
abx_mega__ctx_h2o__1,-0.0151889773,0.19746903600000001,-0.0762063272
abx_mega__nal_naoh__2,0.9719451983,0.0143688064,-0.5672398331
abx_mega__phos_h2o__1,2.1953916593000002,-0.2551792164,0.053708981100000004
abx_mega__dmso-5__2,1.422538725,-0.2644815505,0.1920871912
abx_mega__polmyx_h2o__1,-1.1314425372999999,0.1361183923,0.0033290340000000002
abx_mega__h2o-8b__1,1.5134474386,-0.3873424736,-0.2368879814
abx_mega__h2o-6__1,-0.422487166,-0.261972339,-0.2100487493
abx_mega__thio_dmso__1,1.2149195956,-0.91358075,-1.9313953898
abx_mega__phos_h2o__2,-0.3218863159,-0.0391343383,-0.2188764248
abx_mega__ctx_h2o__2,0.1100952718,-0.20660996550000002,-1.5745697947
abx_mega__lzd_dmso__1,0.7772221413,-0.4193002769,-0.7282929664000001
abx_mega__naoh-9__1,-0.7085754289,0.41619693090000004,0.2102835278
abx_mega__dox_dmso__1,0.8650011648,-0.0165987565,-0.34232132660000003
abx_mega__phos_ethanol__1,0.09368846880000001,0.5000765312000001,-0.0360912475
abx_mega__teix_dmso__1,0.4347526995,-0.7262293705,-0.46139139360000003
abx_mega__dmso-10__1,-1.0128038569,0.4167895327,-0.0707081911
abx_mega__van_dmso__1,8.2763906599,2.2999885315,-0.9188570988
abx_mega__ramo_h2o__1,2.136359526,-0.2468824043,-0.022524302700000002
abx_mega__tec_h2o__2,0.6794247834,0.3171122249,-0.20139311000000001
abx_mega__h2o-7__1,1.0143850127,-0.7260852988000001,-0.7064351524
abx_mega__cro_h2o__1,0.49095781800000005,-0.40756522440000004,-1.1960682364
abx_mega__tric_ethanol__1,-0.7856142752,-0.3986841967,0.7780823415
abx_mega__nor_naoh__1,1.3077348962,0.0609582061,-0.4910773156
abx_mega__teix_dmso__2,0.8876559603,-0.5951615989,-0.1605013107
abx_mega__nal_naoh__3,1.1547229479,0.029012897000000003,-0.4457081766
abx_mega__novo_h2o__2,4.5513383391,0.1938561823,-0.5657690496000001
abx_mega__dmso-10__2,-1.1733511139,0.3538673027,-0.0129645851
abx_mega__phos_h2o__3,-0.1127436353,-0.7718231807,-0.2699756884
abx_mega__dmso-6__2,-0.1007785379,-0.9064641439000001,0.139214748
abx_mega__rfp_ethanol__1,3.5800840614,0.1301564855,-1.0064182484
abx_mega__dmso-5__3,0.1746158649,0.1899324622,-0.0378195053
abx_mega__amyc-d_dmso__1,4.4351666731,0.2375834753,-0.7699850183
abx_mega__sxt_dmso__1,0.37999938850000003,-0.40835691,-0.5983222528000001
abx_mega__dmso-1__1,-1.9621972383,-0.462311574,-0.0788764182
abx_mega__pen_h2o__1,0.5392686725,-0.7020267388,0.1571077622
abx_mega__dmso-10__3,-1.2230896636,-0.0926881222,0.0026593751
abx_mega__nal_naoh__4,0.3551248671,0.28227643880000003,-0.1895165987
abx_mega__cip_naoh__1,0.7473762546,0.3739748104,-0.0914431154
abx_mega__pen_h2o__2,1.0021317208,-0.033527718000000005,0.0211183045
abx_mega__ery_dmso__2,5.4694768813,-0.3093211296,-0.1386738842
abx_mega__dmso-2__2,-0.5765519758000001,-1.4675839978,0.38087032870000004
abx_mega__van_dmso__2,9.1356645613,2.3288259978,-1.0385986195
abx_mega__h2o-1b__1,-1.5557734263,0.1847175178,-0.34293042830000003
abx_mega__ery_h2o__1,1.8568981515,0.4649255383,-1.3940862034000001
abx_mega__bacit_h2o__1,3.1633224188,0.7020411350000001,-0.1138610196
abx_mega__chl_h2o__2,0.5905301297000001,-0.26464329470000003,-1.2410966374
abx_mega__str_h2o__2,4.178527106,-0.9772224573,0.2088463545
abx_mega__rfp_ethanol__2,1.6977163728,0.0145333586,0.0064241946000000005
abx_mega__polmyx_h2o__2,-0.4458629616,-0.14310325570000001,-0.37709018990000004
abx_mega__tric_h2o__1,2.5738531398999998,0.23107046420000002,0.6017321859
abx_mega__cip_naoh__2,1.0820458121,-0.0410008835,-0.6170299069
abx_mega__novo_h2o__3,3.7202555956000003,0.5252350475,-0.6903743882000001
abx_mega__bacit_dmso__1,1.5062387206999999,-0.107973757,-0.0542605311
abx_mega__gen_h2o__1,15.5451254349,0.3346456534,0.5402471191
abx_mega__bacit_dmso__2,2.9784152691,-0.09743531230000001,0.3040365601
abx_mega__chl_dmso__1,11.3452374283,0.1936994316,0.5055827363000001
abx_mega__bacit_h2o__2,3.0932169436,-0.0475764913,-0.0160126656
abx_mega__lvx_dmso__1,0.799991572,-0.2398331518,-0.1464043041
abx_mega__bacit_h2o__3,3.5173636633000003,0.5124724820000001,0.030627857100000003
abx_mega__nor_naoh__2,1.2791465059,-0.27152625810000003,-0.3171028179
abx_mega__amyc-d_dmso__2,2.9639662721,0.0075540726,0.0735011207
abx_mega__polmyx_h2o__3,2.1096766608,-0.21775219110000002,0.2066967292
abx_mega__naoh-6__1,0.0420256955,-0.2490125017,-0.3304220725
abx_mega__cst_h2o__2,1.4217733379,0.6299179779,-0.0316981053
abx_mega__h2o-1b__2,-0.9123752331,0.7002711382,-0.6171215938
abx_mega__rfp_h2o__1,2.6568888076,-0.8150696466,0.6950883019
abx_mega__tet_h2o__1,2.8635641224,-1.1396383345,-0.3530000016
abx_mega__flavo_dmso__1,-0.8908300117,0.3081553167,0.1148364345
abx_mega__zeocin_h2o__1,-0.6529179382,-0.3010621757,-0.2500778275
abx_mega__nor_naoh__3,1.4838369715,0.17836618810000002,-0.4613391028
abx_mega__rach_dmso__2,1.0290046116,-0.7752192186,-1.0513303845
abx_mega__thio_dmso__2,0.9569271707,0.6790849333,-0.7931882752
abx_mega__amyc-d_dmso__3,4.3505794521,0.3844396068,-0.1425223824
abx_mega__rif_dmso__2,1.3111295366,-0.6334376965,0.006394704
abx_mega__amyc-d_dmso__4,2.4646981908,-0.0033294049,-0.3398703041
abx_mega__teix_dmso__3,0.1127169855,-0.24041198460000002,-0.47042315490000003
abx_mega__valin_dmso__1,2.0340269922,-0.0073119971,-0.09956550460000001
abx_mega__teix_dmso__4,-0.3067736313,-0.3119954113,-0.2956049244
abx_mega__ethanol-10__1,0.7595492988,-0.1447872485,-0.1173161499
abx_mega__inh_h2o__1,-1.5089385869,-0.4009168214,-0.6826879939
abx_mega__rif_dmso__3,-0.2123290179,-1.076051937,0.8572120805000001
abx_mega__van_dmso__3,7.5955943276,1.2038990858,-0.1312239978
abx_mega__doxo_dmso__1,-0.4350718891,0.1295048554,-0.054202918
abx_mega__tmp_dmso__1,1.488390754,0.0163467397,-0.7687571366
abx_mega__ethanol-10__2,-1.7242890094,-0.7404136138,-0.2830325331
abx_mega__tmp_dmso__2,2.0802289647,0.3259181239,-0.7246961160000001
abx_mega__amyc-d_dmso__5,6.1275613238,0.4443284067,-0.3809499105
abx_mega__novo_h2o__4,2.580105484,-0.0634549752,-0.540200283
abx_mega__cro_h2o__2,0.8718191426,-0.6535238917,-1.1092440873
abx_mega__cro_h2o__3,0.1398959363,-0.5477702347,-0.7686285168
abx_mega__gen_h2o__2,15.3181574544,0.5725411615,0.7548364243
abx_mega__phos_h2o__4,0.65225258,-0.9100640155,0.3043680612
abx_mega__metro_dmso__2,2.6736404561000002,0.0516856554,-0.0052407457000000005
abx_mega__ery_h2o__2,2.6291535007,0.41956973610000003,-0.7428466618
abx_mega__sacet_h2o__1,1.0365471773,-0.5642554128,1.0942464863
abx_mega__nal_naoh__5,1.1362895893,0.4987647624,-0.6480018334000001
abx_mega__bacit_h2o__4,4.4199497938,0.2928702817,0.16226913340000002
abx_mega__cip_naoh__3,2.1386752831,0.24232486550000001,-0.0022205892
abx_mega__ethanol-8__1,1.1465049226,-0.386645736,-0.12551559210000002
abx_mega__h2o-8a__1,-0.1862630775,0.016221023,0.3114165841
abx_mega__ery_h2o__3,2.3954047101000002,0.3276447138,-1.3817991191
abx_mega__flavo_dmso__2,1.14731265,-0.5609114636,-1.1118241244
abx_mega__rif_dmso__4,0.3777374368,-0.9318027331000001,0.640189754
abx_mega__novo_h2o__5,2.0893824505,-0.40193461020000004,-0.7973720779
abx_mega__teix_dmso__5,-1.1670337702,0.013568494300000001,-0.131505318
abx_mega__naoh-2__1,0.2381831003,-0.9992458054000001,-0.029839515100000002
abx_mega__novo_h2o__6,1.3552436894,0.8168041396,-0.5520812733
abx_mega__ctx_h2o__3,0.2458390803,-0.4831123894,-1.1904583361
abx_mega__rach_dmso__3,0.1509198279,-0.5662988597,-1.2247114862
abx_mega__valin_dmso__2,2.0866099721,0.016381571600000002,-0.6554227122
abx_mega__amyc-d_dmso__6,7.9992909907000005,0.5303951839000001,0.112860213
abx_mega__dox_dmso__2,1.9580761945,-0.7028446344,-0.2555514143
abx_mega__teix_dmso__6,-2.0395725594,-0.15587261630000002,-0.36691297110000004
abx_mega__naoh-6__2,0.42610330150000003,-0.2380673439,-0.420226284
abx_mega__inh_h2o__2,3.3060114603,0.5962093252,0.7527320062
abx_mega__chl_h2o__3,-1.527330961,-0.939243271,-0.9402117607
abx_mega__nal_naoh__6,1.2747740794,0.1808673993,-0.5371144676
abx_mega__chl_dmso__2,11.8389635644,0.1021343425,0.4701902592
abx_mega__rach_dmso__4,0.1598681207,-0.1719837743,-0.6315143039000001
abx_mega__teix_dmso__7,-2.140785048,0.2352579081,-0.2751275436
abx_mega__ceru_ethanol__1,0.8642800146,0.0244928469,0.6643574967
abx_mega__dmso-7__1,0.7990877507,-0.4996400447,-0.11426782910000001
abx_mega__naoh-6__3,0.2555015162,-0.2368501923,-0.2327240486
abx_mega__phos_ethanol__2,-1.0855389974,0.151526555,-0.0136205634
abx_mega__metro_dmso__3,1.6603024145,0.1253234789,-0.0143279424
abx_mega__van_dmso__4,7.6656756715,0.9560244045,-0.4265849803
abx_mega__h2o-10__1,-1.1886373515,-0.3895271357,-0.12238592690000001
abx_mega__h2o-10__2,0.2061293877,-0.2041383277,-0.4323012848
abx_mega__dmso-6__3,1.6249603605,-0.9200546336000001,-0.1953700162
abx_mega__mem_dmso__1,0.6563341657,-0.5119804374,-0.9469480016
abx_mega__ethanol-8__2,0.1055821973,-0.5228986821,0.002914251
abx_mega__chl_h2o__4,-3.3590908600000002,-1.0609994327,-1.1470755588000001
abx_mega__van_h2o__1,2.327945102,-0.5529756731000001,0.1187652569
abx_mega__dcs_h2o__1,-0.37702400280000004,0.3497363482,-0.2439474482
abx_mega__rif_dmso__5,0.5663915962,-0.8437150792,0.29047002990000004
abx_mega__dox_dmso__3,1.8651367819,-0.33071347570000004,0.1364750897
abx_mega__mem_dmso__2,-1.7590177082,-0.6347769227,-0.3048284202
abx_mega__lvx_dmso__2,0.08530348360000001,-0.1794951594,0.019654539800000002
abx_mega__tet_h2o__2,-0.3676596151,-0.3669536698,0.1780957111
abx_mega__phos_h2o__5,0.12357846500000001,-0.6850036561,0.3145588501
abx_mega__monac_dmso__1,5.2170707304,1.2069047966,-0.9276745121000001
abx_mega__str_h2o__3,0.07455129270000001,-0.592747848,-0.39861814560000003
abx_mega__zeocin_h2o__2,1.7587106159,-1.0571952486,0.056742547500000004
abx_mega__amyc-d_dmso__7,8.1823509269,0.1646731934,0.6384176439
abx_mega__fidax_dmso__1,-0.6484752676000001,0.3937033924,-0.37358413220000003
abx_mega__h2o-1a__1,-0.1715183868,-0.08440660330000001,0.0350729692
abx_mega__dox_dmso__4,0.6079050666,-0.6402277771,-0.051431211000000004
abx_mega__lzd_dmso__2,-2.039313854,-0.4618395549,-1.2166543236
abx_mega__tet_h2o__3,3.0193422602,-1.0883807846,-0.3215499277
abx_mega__dmso-1__2,-1.6084126794,-0.1482660424,0.3299482991
abx_mega__sxt_dmso__2,1.7233309758000002,-0.1337948082,-0.28807557030000003
abx_mega__tric_ethanol__2,0.3157717111,-0.8576034063,0.2692794305
abx_mega__teix_dmso__8,0.5033146125,0.602160804,-0.7486968028000001
abx_mega__ramo_h2o__2,2.1609704508,0.37692444880000003,-0.0210983501
abx_mega__inh_h2o__3,-1.6367998797999999,0.08163204360000001,-0.5458369436
abx_mega__cst_h2o__3,0.1289873525,1.3357060728,-0.3835409524
abx_mega__dmso-9__1,0.25284763050000003,0.080656014,0.3506674218
abx_mega__ethanol-8__3,-0.6518137176000001,-0.8577395643,-0.6297088756
abx_mega__monac_dmso__2,7.1093782459,1.7773774537,-1.3265809069
abx_mega__dmso-9__2,-0.7304867077,0.16290523810000002,0.1108876813
abx_mega__metro_dmso__4,3.8396271298,-0.1782822957,0.1697071355
abx_mega__ctx_h2o__4,0.18353745800000001,-0.36480434230000003,-1.246551192
abx_mega__zeocin_h2o__3,3.0173063027,-1.3759727729,-0.34987695900000004
abx_mega__bacit_h2o__5,3.6469838167,-0.070984738,0.0145102877
abx_mega__reta_dmso__1,0.27719961790000003,-1.0822134863,-0.6059322526
abx_mega__ery_h2o__4,0.8615710279000001,0.9391606563,-0.3885027585
abx_mega__ceru_ethanol__2,1.5342316219,-0.5597663869,1.1233531932
abx_mega__fidax_dmso__2,-1.7217209414,0.0862158137,-0.2802503778
abx_mega__novo_dmso__1,2.4813563639,-0.3848103433,-0.023295202600000002
abx_mega__naoh-6__4,0.29550069090000003,-0.24656222800000002,-0.3604413776
abx_mega__amyc-d_dmso__8,2.7128238302,0.09701032500000001,0.0018304158
abx_mega__chl_dmso__3,10.1003171603,0.0708556568,0.4203566293
abx_mega__nal_naoh__7,2.196480094,-0.0137091745,0.2068159725
abx_mega__teix_dmso__9,-2.0059240308,0.060500280600000005,-0.2592672699
abx_mega__ery_dmso__3,3.3373262661,-0.5034122546,0.0646919346
abx_mega__tmp_dmso__3,0.198901828,0.0655212241,-0.5511534317
abx_mega__sxt_dmso__3,-0.12916073890000002,-0.21501141640000002,-1.3425010601
abx_mega__polmyx_h2o__4,2.6437608265,0.3755060878,-0.1645402147
abx_mega__mem_dmso__3,0.3603638575,0.0456264242,0.23373750910000002
abx_mega__nal_naoh__8,1.9400954214000001,-0.9736794218,-0.2569550157
abx_mega__pen_h2o__3,1.8204894895,0.14740268580000002,-0.3884985985
abx_mega__van_dmso__5,7.0960382816,0.9953998429,-0.39132502220000004
abx_mega__zeocin_h2o__4,2.0267789602,-0.8053867138,-0.1433358172
abx_mega__h2o-6__2,-0.3466013384,-0.2847227683,-0.3492613463
abx_mega__tet_h2o__4,4.0278603575,-0.7044400821,-0.4805136981
abx_mega__nor_naoh__4,0.3589976924,0.280142536,-0.0382213312
abx_mega__cip_naoh__4,1.2098898336000001,0.128236355,-0.19062629790000002
abx_mega__tmp_dmso__4,1.339059363,0.4387814721,-0.9923129726000001
abx_mega__reta_dmso__2,1.5615988564999999,-1.7208329604000001,-1.1978806765
abx_mega__mem_dmso__4,-1.5023261628,-0.30084330070000004,-1.2296074036
abx_mega__dox_dmso__5,1.0516685859,0.0243695256,-0.2609255541
abx_mega__tmp_dmso__5,-0.5396642737,0.0367175477,0.1382815033
abx_mega__flavo_dmso__3,1.5966518648,-0.45428895350000004,-1.1288095984
abx_mega__tmp_dmso__6,0.367051314,0.1913391426,-0.0968763669
abx_mega__ceru_ethanol__3,0.1954199121,-0.33295631410000004,1.3514066959
abx_mega__teix_dmso__10,-0.5286485719,0.5360761904,-0.3001855255
abx_mega__novo_h2o__7,4.2847685804,0.5422595486,-0.5243987399
abx_mega__fidax_dmso__3,-1.4347666487000001,0.0750907579,-0.1150153483
abx_mega__h2o-1a__2,0.4965410638,-0.22575703130000002,-0.07257280540000001
abx_mega__dcs_h2o__2,0.3640929961,-0.0953740978,0.1884515094
abx_mega__cst_h2o__4,1.9250081641999999,1.2736372455,0.0453331235
abx_mega__van_h2o__2,0.8183846108,0.051538418,-0.09842411420000001
abx_mega__pen_h2o__4,3.1989803141,0.3859548591,0.24722371440000002
abx_mega__h2o-8b__2,-0.4615216808,0.1431351855,-0.6113486443
abx_mega__reta_dmso__3,1.8391054264000002,-1.643314503,-1.8427485194000002
abx_mega__dmso-7__2,-0.2532132154,-0.588246163,-0.5283278353
abx_mega__rfp_h2o__2,2.7048288828000002,-1.1296912872,0.7334317926
abx_mega__rif_dmso__6,2.2492257856,-0.6692492781,0.7004463726
abx_mega__sxt_dmso__4,0.9671553719,-0.25741529220000003,-1.0151817803
abx_mega__cip_naoh__5,0.0958445815,-0.6396991449,-0.45126933610000003
abx_mega__dmso-9__3,0.9951085927000001,-0.23991494530000002,-0.07345373570000001
abx_mega__mem_dmso__5,1.4567674545,-0.3017282933,-0.9380478321000001
abx_mega__tric_h2o__2,-0.0189540593,0.0734328135,0.5439119556
abx_mega__phos_h2o__6,-0.4470623535,-0.4516690062,-0.449144341
abx_mega__h2o-7__2,1.4602861059,-0.38611281480000004,-0.6661382221000001
abx_mega__h2o-10__3,-0.6983747789,-0.2743340367,-0.32197152570000004
abx_mega__h2o-8a__2,0.4069338729,-0.2126327993,0.022786968
abx_mega__thio_dmso__3,1.6518632209000002,-0.7731532217,-1.7524899039
abx_mega__lzd_dmso__3,1.9260729294,-0.51096827,-0.7808843017
abx_mega__monac_dmso__3,7.8183037613,0.8919430308,-0.6831227980000001
abx_mega__polmyx_h2o__5,-0.49837416040000004,0.2363196119,0.132364221
abx_mega__naoh-6__5,0.2065697156,-0.23786267800000002,0.0795132088
abx_mega__teix_dmso__11,0.0401647466,-0.3050406728,-0.2416617654
abx_mega__van_h2o__3,-0.12093781370000001,0.1345128,-0.3939807125
abx_mega__teix_dmso__12,-0.0859933284,-0.14785174580000002,-0.0166894146
abx_mega__dox_dmso__6,1.6374202693000002,-1.218194425,0.4410446831
abx_mega__teix_dmso__13,0.8730581643,-0.5732333701,-0.4857856264
abx_mega__h2o-7__3,1.5665034857,-0.6892441031000001,-0.2926716673
abx_mega__str_h2o__4,3.3105349069,-1.1151694336,-0.414689593
abx_mega__tec_h2o__3,1.3650097353000001,-0.9186240759000001,-0.1394933653
abx_mega__phos_h2o__7,0.1462371546,-0.4451029206,-0.2548379263
abx_mega__chl_h2o__5,0.21734671930000002,0.1520429053,-1.2663900647
abx_mega__polmyx_h2o__6,0.2397121421,0.041437556300000004,-0.051896065400000004
abx_mega__teix_dmso__14,-0.0574473495,-0.3182739587,-0.4053599198
abx_mega__rif_dmso__7,1.6188867156,-0.39820102970000004,0.2661172377
abx_mega__ramo_h2o__3,2.4139619235,0.1656189674,0.4737817862
abx_mega__fidax_dmso__4,-0.2575723236,0.0562947216,-0.0426756655
abx_mega__teix_dmso__15,-2.0171808156,0.5786360169,-0.0461619439
abx_mega__thio_dmso__4,1.5566920086,-0.913505615,-1.4318992467
abx_mega__rif_dmso__8,2.6117982767,-0.9438883982,0.48518683640000004
abx_mega__reta_dmso__4,1.5969399439,-1.4985052271,-1.5749720131
abx_mega__inh_h2o__4,3.1993686185,0.9290496774,0.8546066088000001
abx_mega__novo_dmso__2,0.8787471885,-0.5775437707000001,0.3512429461
abx_mega__dcs_h2o__3,0.3503696992,0.1865597664,-0.190275372
abx_mega__h2o-8b__3,2.2280759368,0.151857119,0.1728443197
abx_mega__valin_dmso__3,1.7653061192,-0.0447513789,-0.138096181
abx_mega__h2o-2__1,0.519816024,-1.006942498,0.4218486569
abx_mega__cro_h2o__4,0.3582309977,-0.8790603429,-0.3849114842
abx_mega__dcs_h2o__4,-0.9486405569,0.2337440087,-0.1791597613
abx_mega__str_h2o__5,1.2770694779,-0.357635215,-0.26056235240000003
abx_mega__h2o-8a__3,-0.4590199538,-0.4761831979,-0.1437478389
abx_mega__dox_dmso__7,0.7046564164,-0.8448347051,-0.2333518565
abx_mega__doxo_dmso__2,0.15935317670000002,-0.2845502727,0.0258742196
abx_mega__teix_dmso__16,1.2690495228,-0.5353800012000001,-0.7362721111
abx_mega__rfp_h2o__3,2.4665200663,-1.3301997096,0.6059943318000001
abx_mega__ethanol-10__3,-0.8331269821,-0.40416290200000005,-0.6086756616
abx_mega__naoh-2__2,-0.1004456725,-1.4956306675,0.3098668676
abx_mega__van_h2o__4,2.7162024792,-0.0895798636,0.2619208373
abx_mega__sacet_h2o__2,1.7235281371000002,-0.41758625990000003,0.7438208052
abx_mega__monac_dmso__4,6.3561267554,1.6389497615000002,-1.254178781
abx_mega__h2o-2__2,0.8802538272,-1.1902212224,0.7114052618000001
abx_mega__zeocin_h2o__5,-1.6173661188000001,-0.3250452551,-0.4195899943
abx_mega__nor_naoh__5,1.4589187483,0.291174936,0.0625840782
abx_mega__naoh-9__2,0.973313242,0.29941592110000004,0.31114129620000003
abx_mega__dmso-7__3,-0.2580776769,-0.6364138919,-0.606447562
abx_mega__van_h2o__5,2.5904881725999997,-0.5738608159,0.0006027872
abx_mega__flavo_dmso__4,0.6166735929,-0.40645628300000003,-0.8728391425
abx_mega__novo_dmso__3,1.8528645064,-0.40088765200000004,-0.2541510046
abx_mega__polmyx_h2o__7,-0.26907101640000003,0.14512070030000002,-0.1927526698
abx_mega__teix_dmso__17,-2.0788867654,0.10941949840000001,-0.3846550843
abx_mega__doxo_dmso__3,1.5163532226,0.0100218944,-0.3039811518
abx_mega__mem_dmso__6,-0.0957315878,0.077153814,0.33579434900000005
abx_mega__h2o-1a__3,-0.3250226771,0.3101636346,0.037499836200000004
abx_mega__bacit_dmso__3,2.3103788239,-0.09315899080000001,-0.0296489887
abx_mega__dox_dmso__8,1.6392568096,-1.4069151119,0.1480063252
abx_mega__teix_dmso__18,-0.08043427310000001,-0.5848098453,-0.1614010891
abx_mega__h2o-6__3,-0.22055807630000002,-0.5042304236,-0.1738932343
abx_mega__pen_h2o__5,0.5298493181,-0.5094442882,-0.0055406214
abx_mega__lzd_dmso__4,1.5404588058000002,-0.4230355631,-0.7598699923000001
abx_mega__daro__1,-1.4564739277,-0.8126851997000001,-0.09124201550000001
abx_mega__solv__1,-1.7772683035,-0.24112513770000002,-0.3740258319
abx_mega__daro__2,-1.8616446282,-0.7527999991000001,0.11520709800000001
abx_mega__daro__3,-1.5768162301,-0.22869133300000002,0.7498074232
abx_mega__solv__2,-2.2411315361,-0.7959643459,-0.9806897791
abx_mega__solv__3,-1.6496322,-0.2773731075,0.5147828210000001
abx_mega__dmso-4__1,1.505251353,-0.8750229012,0.3275815133
abx_mega__kirr_dmso__1,0.5967024590000001,-0.5678988882,-1.0500605999000001
abx_mega__kirr_dmso__2,0.2466704897,-0.2947341953,-0.9662807781
abx_mega__kirr_dmso__3,1.348201052,-0.2543599337,-0.9825302939
abx_mega__dmso-4__2,2.1362257778,-0.8308622819,0.1640594779
abx_mega__dmso-4__3,1.2645698572000001,-0.5695352956,0.5679706736
ackA_pta__dnaA46_del_ackA__1,-1.1930301092,0.6713347237,0.1318054724
ackA_pta__dnaA46_del_ackA__2,-2.0728986505,1.0783530115,0.7003417759
ackA_pta__dnaA46_del_ackA__3,-2.9794347714000002,0.9729759478000001,-0.2455260877
ackA_pta__dnaA46_del_pta__1,-0.0069609946,1.6348393762,2.0385985913
ackA_pta__dnaA46_del_pta__2,-0.2766085195,0.42633459760000003,-0.5387969556000001
ackA_pta__dnaA46_del_pta__3,-0.0787391474,0.9610395365000001,0.9705689979000001
ackA_pta__dnaA46__1,0.4275239818,0.3530319474,0.0802442713
ackA_pta__dnaA46__2,-2.3995339612,0.8184919030000001,-0.7486640335
ackA_pta__dnaA46__3,0.2531148989,0.45340785780000004,0.1620603854
ackA_pta__del_ackA__1,-2.3151237302,0.071708984,0.5945007492000001
ackA_pta__del_ackA__2,-1.8865276614000002,0.8913682479,1.7935056299999999
ackA_pta__del_ackA__3,-1.0699501383,0.15670210780000002,0.41204326290000004
ackA_pta__del_pta__1,-1.4532139065,-0.369340769,-1.3091878919
ackA_pta__del_pta__2,-1.681464553,-0.1387560148,-0.5331449656
ackA_pta__del_pta__3,-0.3538736699,-0.047686365800000005,0.4502374763
ackA_pta__wt__1,-0.392325044,0.0520411576,0.2030546736
ackA_pta__wt__2,0.4709198694,-0.14752143610000001,-0.0387414767
ackA_pta__wt__3,-0.0785948253,0.0954802785,-0.1643131968
anticancer__5fu__1,3.0166645602,0.18876774600000001,-1.2326124077
anticancer__5fu__2,2.6336239614,0.0707040668,-1.2490138968
anticancer__cap__1,2.0139561481,0.15131931340000002,0.1730747245
anticancer__cap__2,1.49972214,-0.036459234800000004,-0.0746963563
anticancer__cap__3,1.2446572209,-0.1331843819,0.0034822253
anticancer__wt__1,0.9175858876,0.1926353426,0.22069315280000001
anticancer__wt__2,-0.26043274980000003,-0.022288631200000002,-0.0095419927
anticancer__wt__3,-0.6571531377000001,-0.17034671140000002,-0.21115116020000002
anticancer__5fu__3,2.0902664777,0.045063471,-1.9134049957
bio_pln__aero_pln__1,0.032579572200000004,-0.0531533838,0.0335029809
bio_pln__aero_pln__2,-0.032579572200000004,0.0531533838,-0.0335029809
bio_pln__anaero_pln__1,0.7299492847,0.1530674018,0.1049804198
bio_pln__anaero_pln__2,0.7769373709,0.0798302088,0.2032124056
biocide__bzcl_12h__1,1.0421547306,0.083297751,-0.0080513688
biocide__bzcl_12h__2,0.098671938,0.5513403268,0.0644300731
biocide__bzcl_12h__3,1.5539933258,0.4313885887,0.12088345860000001
biocide__etoh_12h__1,2.2164303558,0.49437801880000004,-0.1062279879
biocide__etoh_12h__2,1.6244969680999999,0.42869117090000003,-0.2031058158
biocide__etoh_12h__3,1.148861872,0.4884672627,-0.0709061641
biocide__gluald_12h__1,1.0816132937,0.2576044135,-0.0665457411
biocide__gluald_12h__2,1.0160482464,0.12943198520000002,-0.0007034072
biocide__gluald_12h__3,1.5703305396,0.2588843196,0.0020996012
biocide__h2o2_12h__1,1.5890935294,0.025610968,-0.0155269367
biocide__h2o2_12h__2,1.3608316481,0.3143001478,0.1128622521
biocide__h2o2_12h__3,1.2475813833,0.31848092100000003,0.1665842813
biocide__2ppoh_12h__1,1.6543336416,0.6859942836,-0.2664017912
biocide__2ppoh_12h__2,1.6807729061,0.7911637169,-0.2109745208
biocide__2ppoh_12h__3,2.248410804,0.7315129037,-0.22460965230000002
biocide__paa_12h__1,-0.2037892439,-0.1470212235,-0.0771626901
biocide__paa_12h__2,0.4530379818,-0.0041120485,0.08632951650000001
biocide__paa_12h__3,0.386377371,-0.04419105,-0.126444298
biocide__phe_12h__1,0.4237864362,0.7580865457,-0.1158473165
biocide__phe_12h__2,0.3359699558,0.4596520839,0.0191352529
biocide__phe_12h__3,0.8206879130000001,0.6932126304,-0.0371432234
biocide__pvp-i_12h__1,0.4448677056,0.1822320778,0.054675759500000004
biocide__pvp-i_12h__2,1.0453420901,0.3375394969,0.21173583640000002
biocide__pvp-i_12h__3,0.4919773901,0.49097773170000003,0.1110058579
biocide__bleach_12h__1,0.5262954984,0.1533617931,0.3109585009
biocide__bleach_12h__2,0.9589627582,0.11932496490000001,0.2506234194
biocide__bleach_12h__3,0.7603887712,0.0744610463,0.25477341870000003
biocide__chx_12h__1,0.6208068159,0.6016307218,0.1531974452
biocide__chx_12h__2,0.8236222102,0.48769608900000005,0.0392158831
biocide__chx_12h__3,0.6883974006,0.2947684278,0.1005570553
biocide__bzcl_30m__1,2.0333581438,0.8700050094,0.0151164533
biocide__bzcl_30m__2,1.7773989444,0.6772816085000001,0.0040793871
biocide__bzcl_30m__3,2.0298334846,0.6180347361,0.0883225602
biocide__phe_30m__1,1.1446339609,0.4473399174,-0.1386931696
biocide__phe_30m__2,-0.8957095968000001,0.6456460122000001,0.0675524992
biocide__phe_30m__3,0.5431151109,0.6281532436,-0.0020459505
biocide__pvp-i_30m__1,6.1514122409,0.5456573020000001,0.063821397
biocide__pvp-i_30m__2,6.4521728182,0.31539185540000003,0.197685151
biocide__pvp-i_30m__3,6.5828589631,0.41181472620000004,0.1206699514
biocide__ctrl_12h__1,0.6896723226,-0.062377932600000005,-0.0333952922
biocide__ctrl_12h__2,1.1064099288,0.1416260903,-0.0209348601
biocide__ctrl_12h__3,0.542750572,0.0806878602,-0.0716951635
biocide__ctrl_30m__1,0.1229981299,0.0967965175,0.0422292131
biocide__ctrl_30m__2,-0.4282312881,-0.1540876304,-0.11725373060000001
biocide__ctrl_30m__3,0.3052331582,0.0572911129,0.0750245174
clpP__wt__1,0.1838853282,-0.0163248732,0.0122314794
clpP__wt_DPTA__1,3.9127280032,1.667964784,0.1736293333
clpP__wt__2,0.4917632362,-0.1032086076,-0.15116447330000002
clpP__wt_DPTA__2,3.1651374811,1.4169878226,-0.1504876271
clpP__wt__3,-0.6756485643,0.1195334807,0.1389329939
clpP__wt_DPTA__3,4.0597024036,1.6693374852,0.12728579710000001
clpP__delclpP__1,3.1131574695,-0.2306439072,-0.5887436472
clpP__delclpP_DPTA__1,7.2165744861,1.6377074568999999,-1.0477778826
clpP__delclpP__2,3.4479918406,-0.1562317102,-0.2980172455
clpP__delclpP_DPTA__2,4.8022944088,1.3870500061,-0.7177195671000001
clpP__delclpP__3,2.8040552395000002,-0.054638331000000005,-0.3662768038
clpP__delclpP_DPTA__3,5.9518004864,1.4084831464,-0.8770339465
colombos2__delydcR__1,0.40970027140000004,0.005863047000000001,0.2255761554
colombos2__delydcR__2,-0.1737775449,0.1236416557,0.042380336500000004
colombos2__delydcR__3,-0.7877624358,0.0177845568,0.1892495313
colombos2__delyjiR__1,0.9696576845,-0.0640100734,-0.1261050642
colombos2__delyjiR__2,1.2700049126000001,0.1447987677,0.3192092715
colombos2__delyjiR__3,0.4569040024,-0.0714594653,0.2518692652
colombos2__wt__1,1.5168589158999999,-0.042585508700000003,0.1797253976
colombos2__wt__2,-2.1600834576,-0.10478912800000001,-0.15986060600000002
colombos2__wt__3,0.6432245416,0.1473746367,-0.0198647915
crp_k100__ar1_ar2__1,-3.3835133738,-1.3777973332,-0.1935429712
crp_k100__ar1_ar2__2,-2.7983610273,-1.4773479154,-0.4326962656
crp_k100__ar1_ar2__3,-0.6255828942,-1.0376550699,-0.7887569105000001
crp_k100__wt__1,0.3959497006,0.0121889444,-0.1015623957
crp_k100__wt__2,-0.2275253615,0.024063688200000002,0.1474387901
crp_k100__wt__3,-0.16842433910000001,-0.0362526326,-0.0458763944
crp_k100__K100Q__1,-0.9601357332,-0.3227925902,0.0803713733
crp_k100__K100Q__2,-1.0317239307,0.2015648165,-0.5119062306000001
crp_k100__K100R__1,0.2637441906,0.19025391530000002,-0.27927356670000003
crp_k100__K100R__2,-1.5859401545,0.24093521310000002,0.5730225613000001
crp_k100__K100R__3,0.4874517882,-0.2079714896,-0.056026278500000005
csrA__wt_t00__1,-0.6300678048,-0.15401426170000002,-0.2905834849
csrA__wt_t02_30__1,-1.8658762869,-1.6770012759,-0.6611264554
csrA__wt_t05__1,-3.1781523026,-2.2802184489,-0.2095237177
csrA__wt_t10__1,1.2332479368,-2.022406194,0.0465741016
csrA__wt_t15__1,1.931351081,-1.4324881459,-0.7236823919
csrA__delcsrA_t00__1,2.2473502535,-0.1284417775,0.1719548514
csrA__delcsrA_t02_30__1,-0.3544925003,-2.3206443761,-0.23326898840000002
csrA__delcsrA_t05__1,-2.1400120577,-2.9133666436,0.10945514790000001
csrA__delcsrA_t10__1,1.2625501701,-2.2885731084,-0.285329066
csrA__delcsrA_t15__1,1.7251316204,-1.9825442354,-1.1495040079
csrA__wt_t00__2,0.6300678048,0.15401426170000002,0.2905834849
csrA__wt_t02_30__2,-3.2102975116,-1.56975766,-0.1688397944
csrA__wt_t05__2,-3.8276213749,-2.2896105654,0.32704139520000003
csrA__wt_t10__2,0.8923303002,-2.3039807889,0.6150573044000001
csrA__wt_t15__2,1.0787727346,-1.756327039,-0.1656765504
csrA__delcsrA_t00__2,2.2857934665,-0.0613870909,0.0341793597
csrA__delcsrA_t02_30__2,-0.8383718264000001,-2.4824356578,-0.6421622917
csrA__delcsrA_t05__2,-1.1667360273,-2.7915694681,-0.255628209
csrA__delcsrA_t10__2,0.7709877844,-2.4624678232,-0.2651201521
csrA__delcsrA_t15__2,1.3523185806,-1.8000880869,-0.8207078284
cstr_pfr__str_0005m__1,-0.0621052304,-0.058383942300000005,-0.3445434606
cstr_pfr__str_0010m__1,0.5372078202,-0.12871399,-0.7996104551000001
cstr_pfr__str_0025m__1,0.8354714374000001,-0.038215857,-0.3452099892
cstr_pfr__str_0045m__1,0.5434766078000001,-0.023647642400000002,-0.2855231078
cstr_pfr__str_0075m__1,-0.4057685427,-0.0526297764,-0.2563410183
cstr_pfr__str_0120m__1,0.037950079500000004,-0.0846694482,-0.1994761578
cstr_pfr__str_0210m__1,0.1291427935,-0.0713800941,-0.17609901020000002
cstr_pfr__str_0330m__1,0.1018012579,-0.0220097983,-0.21542465400000002
cstr_pfr__str_1500m__1,0.1129338814,0.057130405200000005,-0.22634776210000002
cstr_pfr__str_1560m__1,0.3380254198,0.1236441667,-0.2073601722
cstr_pfr__str_1680m__1,0.0402160396,0.0828659986,-0.2382485523
cstr_pfr__str_ref1__1,0.1333666801,-0.0197742825,0.0114144233
cstr_pfr__str_ref2__1,0.3590980668,0.0208300656,0.1187371428
cstr_pfr__str_ref3__1,-0.1590408671,-0.0221557,0.034663033100000004
cstr_pfr__pfr_P5_0005m__1,0.3975812298,0.5155296776,0.0548031132
cstr_pfr__pfr_P5_0010m__1,0.6967951402,0.31638013200000004,-0.5935767820000001
cstr_pfr__pfr_P5_0025m__1,1.1680395375,0.468378913,-0.1909418746
cstr_pfr__pfr_P3_0025m__1,0.5463866649,0.2301059982,-0.2649798333
cstr_pfr__pfr_P1_0025m__1,0.5666388168000001,-0.0053728029,-0.3598604976
cstr_pfr__pfr_P5_0045m__1,0.9612071469000001,0.49833966,-0.12564328630000002
cstr_pfr__pfr_P5_0120m__1,0.5410685971,0.4171799584,0.024837331400000003
cstr_pfr__pfr_P3_0120m__1,0.44196191970000004,0.0489384515,-0.1600792677
cstr_pfr__pfr_P1_0120m__1,0.3766249882,0.7006868963,-0.2443708622
cstr_pfr__pfr_P5_0210m__1,0.7496666456000001,0.41307770720000003,-0.0354330566
cstr_pfr__pfr_P5_1500m__1,1.0246305573,0.6177323955,-0.0257498282
cstr_pfr__pfr_P3_1680m__1,-0.2228178726,0.40736130610000004,0.0226273508
cstr_pfr__pfr_P5_1680m__1,0.9569211400000001,0.5924872773000001,-0.0055594918
cstr_pfr__pfr_P1_1680m__1,0.4562889351,0.1499828712,-0.1610405185
cstr_pfr__str_0005m__2,-0.2902416544,-0.2086451409,-0.5409571444
cstr_pfr__str_0010m__2,0.10549942300000001,-0.1402149489,-0.8863760958
cstr_pfr__str_0025m__2,0.1184549875,-0.1002038142,-0.5739675721
cstr_pfr__str_0045m__2,-0.1207235422,-0.0647891668,-0.35742637860000004
cstr_pfr__str_0075m__2,0.37186175380000003,-0.0508059277,-0.3441431397
cstr_pfr__str_0120m__2,-0.2915403427,-0.0897254511,-0.2065336064
cstr_pfr__str_0210m__2,-0.49685428810000004,-0.0643048866,-0.21575722020000002
cstr_pfr__str_0330m__2,0.09437740900000001,-0.0149035495,-0.26116448070000003
cstr_pfr__str_1500m__2,-0.9139600487,0.0584244804,-0.0574362878
cstr_pfr__str_1560m__2,-0.0977183397,0.034938328000000005,-0.1680130121
cstr_pfr__str_1680m__2,-0.39255603240000003,0.09221849330000001,-0.2236464386
cstr_pfr__str_ref1__2,-0.1333666801,0.0197742825,-0.0114144233
cstr_pfr__str_ref2__2,-0.1587669659,-0.059648176000000004,-0.0016717844
cstr_pfr__str_ref3__2,-0.1331041866,-0.19477361910000002,0.0220153869
cstr_pfr__pfr_P5_0005m__2,0.7249289782,0.4411982706,-0.26527329450000003
cstr_pfr__pfr_P5_0010m__2,0.37214291990000004,0.3132681761,-0.5191797847
cstr_pfr__pfr_P5_0025m__2,0.5835810045000001,0.3436478113,-0.2924074514
cstr_pfr__pfr_P3_0025m__2,0.8014195094000001,-0.0087828998,-0.4826835404
cstr_pfr__pfr_P1_0025m__2,0.5541825119,-0.1766708288,-0.5789143734000001
cstr_pfr__pfr_P5_0045m__2,1.3541455666,0.17924535090000002,-0.4056403093
cstr_pfr__pfr_P5_0120m__2,1.0196420974,0.39012519100000004,-0.0507749616
cstr_pfr__pfr_P3_0120m__2,0.3688663716,0.0454113904,-0.1264807345
cstr_pfr__pfr_P1_0120m__2,0.5288069438,-0.0046490247000000005,-0.26857900160000003
cstr_pfr__pfr_P5_0210m__2,-0.5304206561,0.7158102234,0.20145378560000002
cstr_pfr__pfr_P5_1500m__2,1.1327634592,0.6708412827,-0.0207410902
cstr_pfr__pfr_P3_1680m__2,0.9890690923000001,0.6742533642,-0.13657868
cstr_pfr__pfr_P5_1680m__2,0.5223873481,0.3716944468,-0.1272445382
cstr_pfr__pfr_P1_1680m__2,-0.0171988751,0.1211421691,-0.275260704
darobactin__daro_30m__1,-0.5763885518,1.1518671554,1.0529664688
darobactin__daro_30m__2,0.1859623303,1.0840219086,0.5934989137000001
darobactin__solv_1h__1,0.8220361860000001,0.8828671465,1.6911946732
darobactin__solv_1h__2,0.8626257149000001,0.6848148285,1.2926306545
darobactin__daro_1h__1,4.876019884,1.5249955168,1.7992458798
darobactin__solv_1h__3,0.8664874086000001,0.9735916133,1.6317869199000001
darobactin__daro_1h__2,4.6888220018,1.3330477617,1.9179679401
darobactin__daro_1h__3,4.4910286582,1.5470660205,1.9506005048000001
darobactin__daro_30m__3,0.2439900206,0.9525521489000001,1.0429010839
darobactin__solv_30m__1,0.6309299684,0.5485467023,0.20242967750000002
darobactin__solv_15m__1,1.0529220565,0.1792420171,-0.2145704015
darobactin__solv_15m__2,-0.3106106617,-0.1023482852,0.1365822075
darobactin__daro_15m__1,-0.5540063137,0.8710434434000001,0.5004617771000001
darobactin__solv_15m__3,-0.7423113948000001,-0.076893732,0.0779881941
darobactin__daro_15m__2,-0.0846448598,0.8713966586,0.2948986122
darobactin__daro_15m__3,-0.23356800260000002,1.1437447845,0.8446496959
darobactin__solv_30m__2,0.6237138005,0.1411326733,0.0426769097
darobactin__solv_30m__3,-0.6062798195,0.1471452053,-0.1246075155
ddp__pNT3_aroP__1,-1.3515662945,-0.6632676537000001,0.6757019487
ddp__pNT3_aroP__2,-1.4890147586,-0.7577552336000001,0.9323828138
ddp__pNT3_bamC__1,-4.933736648,-0.4956258995,2.3501929199
ddp__pNT3_bamC__2,-3.9904841342,-0.5690055027,2.100328289
ddp__pNT3_cusA__1,-0.07531270080000001,-0.3053419201,1.9308596665
ddp__pNT3_cusA__2,0.9797567928,-0.402027534,1.5144632754
ddp__pNT3_hemX__1,-4.1679458273,0.28668310880000003,1.4066131713
ddp__pNT3_hemX__2,-4.3828352891,0.1367043016,1.326672425
ddp__pNT3_empty__1,1.8136096859,0.0313551477,-0.0295048368
ddp__pNT3_empty__2,-1.8136096859,-0.0313551477,0.0295048368
ddp__pNT3_topA__1,-3.7651095502,0.07159606,1.8077817754
ddp__pNT3_topA__2,-4.9247564387,-0.020050373,1.8459966822
ddp__pNT3_yicR__1,-1.3313937099,0.3317104308,0.9331261512000001
ddp__pNT3_yicR__2,-1.8205593768,0.14989789650000002,0.8973512676000001
ddp__pNT3_yqjD__1,0.6546907583,-0.0033253308000000003,0.3802912829
ddp__pNT3_yqjD__2,-0.8607591307,-0.2070812121,0.6705792629
ecomics__del_gabT__1,-0.7292586923000001,0.021382250000000002,-0.2334562051
ecomics__del_gabT__2,0.7292586923000001,-0.021382250000000002,0.2334562051
ecomics__del_putP__1,1.0077609479,0.0621222528,0.1000086642
ecomics__del_putP__2,-1.3280613766,-0.111230806,0.2055265863
ecomics__del_entF__1,-2.6444619529,-0.4188601785,0.60750059
ecomics__del_entF__2,-5.8747326931,-0.006227551400000001,0.29557788560000003
ecomics__del_entF__3,-4.9309601963,-0.1307222496,0.33007335660000003
ecomics__del_cysA__1,-2.0051713981,-0.3507468936,0.5622904888
ecomics__del_cysA__2,-2.6725255627,-0.3084253768,0.5628398447
elyC__wt_21C__1,1.6454085941,-0.0919008297,0.6647280133
elyC__wt_21C__2,1.4281246144,-0.4926689447,0.712135256
elyC__wt_21C__3,1.4674207613,-0.2879982153,0.6685773982000001
elyC__wt_37C__1,0.1774627262,-0.2388547972,-0.11956988630000001
elyC__wt_37C__2,0.0489047389,0.043533416400000004,0.1826341877
elyC__wt_37C__3,-0.2263674651,0.1953213808,-0.06306430140000001
elyC__delelyC_21C__1,1.7157493863000002,-0.3276881031,0.8489266886
elyC__delelyC_21C__2,2.0804300115,-0.2557150595,1.0205093792
elyC__delelyC_21C__3,1.7027677896,-0.2953879963,0.8326768395
elyC__delelyC_37C__1,0.0165561259,-0.14631855800000002,0.0820648707
elyC__delelyC_37C__2,-0.2656891346,-0.0124592982,-0.0366604052
elyC__delelyC_37C__3,0.065650769,-0.25719798380000003,0.07738094720000001
evo_acid_w__F9_2__1,-3.1584487512,0.4641802105,0.98174364
evo_acid_w__F11_1__1,-0.9532292296,-0.3642585728,-0.0207328052
evo_acid_w__F11_1__2,-0.3747942141,-0.3265962872,0.0260785233
evo_acid_w__F11_1__3,0.0049143963,-0.3276631474,0.101717161
evo_acid_w__wt__1,-1.1680500035,-0.0972753558,0.2935515267
evo_acid_w__F11_2__1,-0.3267652743,0.1182961627,0.3025870001
evo_acid_w__B11_2__1,-2.2366838528,-0.1389461781,0.5249678536
evo_acid_w__F11_2__2,0.1410302906,0.4699478623,0.08087034130000001
evo_acid_w__wt__2,-0.7625768855,-0.291292799,-0.4273930607
evo_acid_w__B11_1__1,1.4728952701,0.614414429,0.3959760323
evo_acid_w__H9_1__1,-0.46912740220000004,0.6692749026,-0.7719558461
evo_acid_w__H9_2__1,0.2978234889,0.35234203750000004,0.4110651925
evo_acid_w__B11_2__2,-1.9065752895,-0.19911724390000002,0.4524613831
evo_acid_w__wt__3,-1.4073542237,-0.2068442721,-0.3402133586
evo_acid_w__H9_2__2,0.11315293700000001,0.24599051660000001,0.3635407714
evo_acid_w__B11_2__3,-1.9510197737000001,-0.1798013484,0.5364978286000001
evo_acid_w__F11_2__3,-0.1773913876,0.4482815169,0.06895210660000001
evo_acid_w__F9_2__2,-3.120251904,0.4619686014,0.7655117353
evo_acid_w__wt__4,0.19118310460000001,0.5552144439,0.7802801155
evo_acid_w__wt__5,0.0510958107,0.3133216947,0.9563882946000001
evo_acid_w__wt__6,0.8905369334000001,-0.47765543260000004,-0.7213502885
evo_acid_w__H9_1__2,-0.44009432260000003,0.4321833331,-0.9132371755
evo_acid_w__F9_1__1,-1.6481030277,-0.3593543958,0.6874173466
evo_acid_w__F9_1__2,-1.4753656117,-0.5214160296,0.43755669999999997
evo_acid_w__B11_1__2,1.3231315749,0.376674971,-0.1640173815
evo_acid_w__H9_2__3,-1.3016153872,0.013955432,0.4633929518
evo_acid_w__wt__7,-0.032069188900000004,0.46115499120000003,0.2677716827
evo_acid_w__F9_1__3,-1.692448525,-0.42321291600000005,0.418327859
evo_acid_w__F9_2__3,-3.2837874214,0.4082864485,1.0090743947
evo_acid_w__wt__8,1.7421565384000002,-0.2392540961,-0.4506276375
evo_acid_w__B11_1__3,1.5109933889,0.28278794290000003,0.08505589720000001
evo_acid_w__wt__9,0.4950779146,-0.0173691741,-0.3584072742
evo_bz__c3_1_bz__1,2.7028365459,1.2611712989,0.5133438553
evo_bz__c3_1_bz__2,2.1486345321,-0.2490217381,0.7046198992
evo_bz__c3_1_bz__3,1.9427074801000002,-0.270691505,0.5004833076
evo_bz__c3_1_bz__4,2.3430387744,-0.1548730206,0.35441214860000003
evo_bz__g5_1_bz__1,5.3262981667,0.6826904810000001,1.6410904541
evo_bz__g5_1_bz__2,4.9240599828,0.9554048464,0.47678163370000004
evo_bz__g5_1_bz__3,3.9504740178,0.5114734327,1.1553954099000001
evo_bz__g5_1_bz__4,2.8294621750999998,-0.1470693806,1.2420197492
evo_bz__g5_1_bz__5,3.3520228864,-0.2308147694,1.1230839757
evo_bz__g5_1_bz__6,3.3581846952,-0.10774559510000001,1.25345319
evo_bz__w3110d13__1,-0.7850763687000001,0.1274806176,-0.2813310122
evo_bz__w3110d13__2,0.0353712539,0.039649275000000005,0.22121202140000001
evo_bz__w3110d13__3,0.4655469157,-0.0749091452,0.1647737698
evo_bz__w3110d13__4,-0.6684364533,0.10618756480000001,-0.2282206069
evo_bz__w3110d13__5,0.48230240480000003,-0.0376140302,-0.1912132611
evo_bz__w3110d13__6,0.4702922476,-0.160794282,0.314779089
evo_bz__w3110d13_bz__1,2.7715489641,0.6785403064000001,0.47990500760000004
evo_bz__w3110d13_bz__2,2.7968683688000002,0.7958012459,0.4767462776
evo_bz__w3110d13_bz__3,1.4022044111,-0.43790073760000003,0.4950159114
evo_bz__w3110d13_bz__4,2.1084074631,0.3528294878,0.6584069299
evo_bz__c3_1_bz__5,2.3782920391,0.8683196039000001,0.3264376297
evo_bz__c3_1_bz__6,2.9893895049,1.4696870528,0.4841839974
evo_bz__g5_2_bz__1,1.8262668266,-0.9991436906000001,0.9759841434000001
evo_bz__g5_2_bz__2,2.0161328019,-1.093394255,0.6436066375
evo_bz__g5_2_bz__3,3.2393042024,-1.1084248528,0.0506435357
evo_bz__g5_2_bz__4,1.5190603688,0.4130313467,0.4709963548
evo_bz__g5_2_bz__5,1.4319799874,0.6103630724,0.5467788408
evo_bz__g5_2_bz__6,2.6634815053,0.8720918775000001,0.6440852474000001
evo_bz__w3110d13_bz__5,1.9609772084000001,-0.2100140732,0.20524776720000001
evo_bz__w3110d13_bz__6,1.6067220961,-0.1463287758,0.414003043
evo_bz__a1_1_bz__1,2.927258114,0.1749367521,1.0314138197
evo_bz__a1_1_bz__2,1.4073223073,-0.1348891132,0.9776055061000001
evo_bz__a1_1_bz__3,2.3285604646999998,-0.34652903900000004,0.42285493490000003
evo_bz__a1_1_bz__4,1.4478806577,0.0289578544,0.9258231409000001
evo_bz__a1_1_bz__5,2.7443488333,0.08519368940000001,0.39252543700000003
evo_bz__a1_1_bz__6,2.0699479891,-0.22449360710000002,0.3675955966
evo_metab__wt__1,-0.16784174030000001,-9.7061e-06,-0.6987594427
evo_metab__del_zwf__1,-0.3162873532,0.311275036,0.21893339
evo_metab__zwf_ale1__1,0.2903485838,0.3202284875,-0.32595251140000003
evo_metab__zwf_ale2__1,0.8170091358,0.6012262069000001,-0.4676213152
evo_metab__del_ppk__1,0.25503283930000004,0.0856510872,-0.6919078386
evo_metab__ppk_ale1__1,-0.0573695612,0.2034072072,0.07441603620000001
evo_metab__ppk_ale2__1,2.3346421464000002,-0.1260403042,-1.4814481066
evo_metab__ppk_ale3__1,2.4039966967,-0.012806414300000001,-0.4922183747
evo_metab__del_dapF__1,0.4818951664,-0.0800959943,-0.8995050710000001
evo_metab__dapF_ale1__1,0.0755304995,0.502175825,-0.0430858747
evo_metab__dapF_ale3__1,0.3827560358,0.0358405936,0.328357881
evo_metab__del_entC__1,-0.0631650148,0.0413255327,-0.0534080917
evo_metab__entC_ale1__1,-1.5707533487,-0.1846168094,0.3174450166
evo_metab__entC_ale2__1,0.34364276390000004,0.4989606366,-0.1036710025
evo_metab__del_dgk__1,0.6016778060000001,-0.1297151957,-0.3517465696
evo_metab__dgk_ale1__1,0.6400103686,0.5553304880000001,0.5192796098
evo_metab__dgk_ale2__1,0.3196875661,0.8030722081,0.1308822454
evo_metab__dgk_ale3__1,-1.1088177706,0.44502296080000003,-0.424197062
evo_metab__wt__2,-0.6761540727,-0.0435321107,0.4053826272
evo_metab__del_zwf__2,1.3474978117,0.3377066971,-0.4372174062
evo_metab__zwf_ale1__2,1.7436850057000002,0.9144739486000001,0.8743043845
evo_metab__zwf_ale2__2,0.9130507539,0.44552783970000004,0.6255071712
evo_metab__del_ppk__2,-0.2063956629,-0.2690015638,0.9035958732
evo_metab__ppk_ale1__2,0.8948281111,0.1910748498,0.5011373763
evo_metab__ppk_ale2__2,0.7008084386,-0.35705673860000003,0.2909867432
evo_metab__ppk_ale3__2,-0.2195739425,-0.1824377332,0.0166781812
evo_metab__del_dapF__2,1.8205720045,0.3402541941,-0.2262872166
evo_metab__dapF_ale1__2,4.4642663851,0.6509549377,0.0553749022
evo_metab__dapF_ale3__2,2.1654777364,0.4451460318,0.3705303764
evo_metab__del_entC__2,-0.0726489427,-0.43882689150000004,0.6758979615
evo_metab__entC_ale1__2,0.5137822512,-0.0894869039,0.0595006877
evo_metab__entC_ale2__2,2.7891077541,0.5415588733,0.6567124508000001
evo_metab__entC_ale3__1,1.9592689068,0.1654389883,0.37708467960000003
evo_metab__del_dgk__2,0.46650958210000004,-0.3133294393,0.2298474415
evo_metab__dgk_ale1__2,1.9415249508999999,0.29558915410000003,0.5212395903
evo_metab__dgk_ale2__2,1.9040981805000001,0.1858448019,0.32747520890000004
evo_metab__dgk_ale3__2,0.7591597192,-0.0370362912,0.1956860706
evo_metab__wt__3,0.843995813,0.0435418168,0.2933768154
evo_metab__del_zwf__3,-0.7740810665000001,-0.13932550600000002,0.3530191183
evo_metab__zwf_ale1__3,1.3221468475,0.7769459679,0.8308271177000001
evo_metab__zwf_ale2__3,0.1645375974,0.4901046746,0.3140367952
evo_metab__del_ppk__3,1.0340888453,-0.1661218739,0.4424675904
evo_metab__ppk_ale1__3,0.4646707396,-0.1374696266,0.2045211275
evo_metab__ppk_ale2__3,0.20838962330000002,-0.20764290130000002,0.570620766
evo_metab__ppk_ale3__3,0.3555110949,0.0588392918,0.1584720506
evo_metab__del_dapF__3,1.874529345,0.28213058350000003,-0.46978876070000003
evo_metab__dapF_ale1__3,3.8668905666,0.846498798,-0.5714079609
evo_metab__dapF_ale3__3,1.8309982071,0.36479146970000004,-0.2061103138
evo_metab__del_entC__3,-0.6188575607,-0.4386837142,0.28556949470000004
evo_metab__entC_ale1__3,1.6456881235,-0.379778117,-0.1080755974
evo_metab__entC_ale2__3,0.7817059726000001,-0.0152328284,-0.1668364591
evo_metab__entC_ale3__2,-0.0146430446,-0.049179486800000005,0.1830116386
evo_metab__del_dgk__3,0.1738413133,-0.59288416,0.3225783879
evo_metab__dgk_ale1__3,0.9953734419,-0.0719614911,0.3390267838
evo_metab__dgk_ale2__3,0.5379271822,0.5172972307,0.3525498406
evo_metab__dgk_ale3__3,0.1383755552,-0.02702464,0.056790971700000005
flag_reg__wt__1,-0.2867263917,-0.0789189353,-0.0900831628
flag_reg__del_fliA__1,0.49663956410000004,-0.049878357400000004,0.09938717050000001
flag_reg__del_flhC__1,-0.49913871200000004,-0.1125060682,0.0008525029000000001
flag_reg__del_flhD__1,-2.1392255308,-0.2072808398,0.0641294674
flag_reg__wt__2,0.2867263917,0.0789189353,0.0900831628
flag_reg__del_fliA__2,-1.0582812744,-0.2048932211,0.0428252215
flag_reg__del_flhC__2,2.2750707726,0.18334966260000002,-0.13102121560000002
flag_reg__del_flhD__2,-0.4778133913,-0.0875178061,-0.0087000389
flgM__27C__1,0.1504018679,-0.944373608,0.1026091301
flgM__27C__2,0.9599195157,-0.6516947863,0.283112284
flgM__27C__3,0.6150225707,-0.8160466114,0.27994633280000003
flgM__32C__1,0.7424065716,-0.7081113537,0.1902086395
flgM__32C__2,0.5189433933,-0.5190763594,0.11612324360000001
flgM__32C__3,0.38080395640000003,-0.6372723612,0.09240823790000001
flgM__37C__1,0.0688184932,-0.021637011600000002,0.0016942774
flgM__37C__2,0.3765021266,0.0270719203,0.021957981
flgM__37C__3,-0.44532061980000004,-0.0054349088,-0.0236522584
flgM__42C__1,-0.9541982541,-0.0439527262,-0.0084512318
flgM__42C__2,-0.7140975954000001,0.0356121396,-0.055699941600000004
flgM__42C__3,0.2902270509,-0.0636901746,-0.0976466485
histone__untreated__1,0.20360074820000001,-0.0305062655,-0.029498764700000003
histone__untreated__2,-0.5097214488,0.3542089997,0.0311821233
histone__untreated__3,0.3061207006,-0.3237027342,-0.0016833585
histone__10ug_H2A__1,0.1828336606,-0.29412991800000005,-0.11773795890000001
histone__10ug_H2A__2,-0.15713949230000002,0.0435517897,-0.11458857260000001
histone__10ug_H2A__3,0.46480048970000004,-0.4788007131,0.0217526694
histone__50ug_H2A__1,0.8531478351,-0.2066760949,0.0297424011
histone__50ug_H2A__2,1.0611013452,-0.2594328068,-0.07473409190000001
histone__50ug_H2A__3,1.2366863717,-0.12426031920000001,-0.1823935378
histone__100ug_H2A__1,1.1744723159000001,0.0759098864,0.0365516841
histone__100ug_H2A__2,1.2960487641,-0.0094063932,0.0361347527
histone__100ug_H2A__3,1.4892558193,0.0463317466,-0.0174878901
hns__del_hns_spike__1,1.1676860076,-0.482014247,0.15356988900000001
hns__del_hns_spike__2,-1.1147422989,0.3192071762,0.7517151929
hns__del_hns__1,1.2424835477,-0.49278217970000004,0.15442835500000002
hns__del_hns__2,-1.110452397,0.38703315050000003,0.3693152416
hns__wt_spike__1,-0.7761385356,-0.563053696,-0.2709244787
hns__wt_spike__2,2.0406751829,1.1155056368,0.23572307820000002
hns__wt__1,-0.5284523136,-0.7506201543000001,0.1473786562
hns__wt__2,0.5284523136,0.7506201543000001,-0.1473786562
hns_stpA__evo100G4_delhns_delstpA__1,0.6038575981000001,-0.4325522892,-0.6266583480000001
hns_stpA__evo100G4_delhns_delstpA__2,1.5234898642,-0.3852613388,-0.6146984647
hns_stpA__evo100G12_delhns_delstpA__1,0.7438950444,0.5213748129,-0.0193616986
hns_stpA__evo100G12_delhns_delstpA__2,1.0828133909,0.5820440610000001,-0.0946316615
hns_stpA__delhns_delstpA_delrpoS__1,1.3658713154,-0.4385052058,-0.5132170620000001
hns_stpA__delhns_delstpA_delrpoS__2,1.5697277043,-0.27715034180000003,-0.3202209545
hns_stpA__wt__1,-0.0441745231,0.1953609178,0.013805922600000001
hns_stpA__wt__2,0.0441745231,-0.1953609178,-0.013805922600000001
hns_stpA__delhns_delstpA__1,0.6995690132,-0.6582020037,-0.5226067915
hns_stpA__delhns_delstpA__2,0.42386580090000003,-0.2849729703,-0.22355910550000002
hu__wt_log_pH7__1,-0.2492448937,-1.384028916,-1.0526250567
hu__wt_log_pH7__2,-0.2982855412,-0.2119378362,-0.6706287682000001
hu__wt_log_pH7__3,-0.6102648582,-0.7172220220000001,-1.103046825
hu__wt_lag_pH7__1,0.33186021200000004,0.3982200641,-0.0248023115
hu__wt_lag_pH7__2,0.6462377453,0.0967374592,-0.19088164230000002
hu__wt_lag_pH7__3,-0.9780979573,-0.49495752330000004,0.2156839538
hu__delhupA_lag_pH7__1,0.556429139,0.47957698930000003,0.0004790787
hu__delhupA_lag_pH7__2,1.0118246034,0.36769214780000004,-0.24924416500000002
hu__delhupA_lag_pH7__3,-0.4171156728,-0.6429876582,-0.0365342997
hu__delhupB_lag_pH7__1,0.2479025041,0.34886033050000004,-0.21305829140000002
hu__delhupB_lag_pH7__2,0.5309986716,0.1104795456,-0.1375155357
hu__delhupB_lag_pH7__3,-0.5501629781,-1.0004278464,0.08779719450000001
hu__delhupAhupB_lag_pH7__1,-0.5854806485,-0.7952127952,0.044947880700000005
hu__delhupAhupB_lag_pH7__2,0.20944055990000002,-0.1293790996,0.1083608974
hu__delhupAhupB_lag_pH7__3,-0.2255442943,-0.8689131346000001,0.7463370904000001
hu__hupAE34K_hupB_lag_pH7__1,-0.3261661131,0.47259309060000004,0.1030981291
hu__hupAE34K_hupB_lag_pH7__2,0.0576332982,0.47727998390000004,0.0029131278
hu__hupAE34K_hupB_lag_pH7__3,-0.08006831710000001,-0.2145427594,0.21920162070000002
hu__hupAE34K_delhupB_lag_pH7__1,-0.1850753135,0.12429421,0.0792283838
hu__hupAE34K_delhupB_lag_pH7__2,0.014397757,0.3611277222,0.22465055990000002
hu__hupAE34K_delhupB_lag_pH7__3,0.21542821680000002,-0.3526276607,0.09611450220000001
hu__wt_lag_pH5__1,-0.9066496224,-0.5822253633000001,-0.4607745046
hu__wt_lag_pH5__2,-0.4945288044,0.002772871,-0.4113752311
hu__wt_lag_pH5__3,-0.005655084800000001,-0.8512126790000001,0.4200371873
hu__delhupA_lag_pH5__1,-0.6097362853,-0.5646933356,-0.340999967
hu__delhupA_lag_pH5__2,-1.2787054855,-0.0615828093,-0.3799230141
hu__delhupA_lag_pH5__3,-1.1768238182,-1.1506227739,-0.2324251337
hu__delhupAhupB_lag_pH5__1,1.4969344115,-0.4762427302,-0.055215711300000005
hu__delhupAhupB_lag_pH5__2,1.4403176608,-0.4990561344,-0.0798295879
hu__delhupAhupB_lag_pH5__3,-0.2484811922,-1.3859835518999999,0.8923981296
hu__hupAE34K_hupB_lag_pH5__1,-0.943878944,-0.8438248447000001,-0.6426236984
hu__hupAE34K_hupB_lag_pH5__2,-0.6871232339000001,-1.3877735969,0.2923435379
hu__hupAE34K_hupB_lag_pH5__3,0.0248421014,-0.9321422423,0.3822452958
hu__hupAE34K_delhupB_lag_pH5__1,-0.721116824,-1.3904569844,0.45637266930000003
hu__hupAE34K_delhupB_lag_pH5__2,-0.7167345354,-0.3804148466,-0.326722685
hu__hupAE34K_delhupB_lag_pH5__3,-0.8440260693,-1.1511610226,0.18155045890000002
hyperpersistence__low_GFP__1,1.7125564326,0.0332200486,0.9404696237
hyperpersistence__wt__1,-0.06615260840000001,-0.1765869024,-0.1515388614
hyperpersistence__high_GFP__1,2.8925120702,1.1028783539,0.7117004582
hyperpersistence__pth_mut__1,0.08830600450000001,1.7095001335000002,-0.4722923062
hyperpersistence__pth_mut__2,-0.0068918633,1.6910659184,-0.9211709592
hyperpersistence__metG_mut__1,-0.2824812507,1.0279290919,-0.28827429400000004
hyperpersistence__metG_mut__2,-0.060743989500000005,0.6530250910000001,-0.6354277109
hyperpersistence__high_GFP__2,2.5058654154,1.4048148433,0.47840596560000004
hyperpersistence__wt__2,0.06615260840000001,0.1765869024,0.1515388614
hyperpersistence__low_GFP__2,2.3360751104,0.1919519913,0.5557090716
kan_efg__cpxAF218Y__1,-1.7006522483,0.9671270412,0.6857922788
kan_efg__cpxAF218Y__2,0.06783784100000001,1.2810402555,0.8760484215000001
kan_efg__cyaAN600Y__1,-1.3428711115,0.607480058,0.64876325
kan_efg__cyaAN600Y__2,-3.8481587150000003,0.46391536450000004,1.2056140604
kan_efg__fusAA608E__1,0.6193026094,0.0078970722,0.2603298422
kan_efg__fusAA608E__2,1.6688926217,0.119978205,0.2227768954
kan_efg__fusAA608E_cpxAF218Y__1,-2.2789521495000002,0.5832266451,0.2650009698
kan_efg__fusAA608E_cpxAF218Y__2,-1.76268835,0.6016198559,0.48509761970000004
kan_efg__fusAA608E_cyaAN600Y__1,-0.2743662555,0.4549646174,0.5629283758
kan_efg__fusAA608E_cyaAN600Y__2,-0.5808785657000001,0.5514105676000001,0.7281081608000001
kan_efg__fusAA608E_rpoDL261Q__1,-0.3313039323,0.4767510635,0.36403358010000003
kan_efg__fusAA608E_rpoDL261Q__2,0.2068946711,0.6476976784,0.19318318980000002
kan_efg__fusAA608E_topAS180L__1,-0.38120057220000003,0.1416432189,0.5671175634
kan_efg__fusAA608E_topAS180L__2,0.2779810553,0.5988181705,0.4314848885
kan_efg__rpoDL261Q__1,-0.0215739878,0.5595541178,-0.1039573478
kan_efg__rpoDL261Q__2,0.44701115760000004,0.5628173469000001,0.3120105125
kan_efg__wt__1,-0.1340196203,-0.1800426356,-0.0702854068
kan_efg__wt__2,0.1340196203,0.1800426356,0.0702854068
lrp__wt_min_log__1,-0.5626584577,-0.0161900061,-0.030001383200000002
lrp__wt_min_log__2,0.5626584577,0.0161900061,0.030001383200000002
lrp__wt_min_trans__1,5.6543499632,2.3610185679,0.6844362994000001
lrp__wt_min_trans__2,5.5307111304,2.2960692504,0.2085798669
lrp__wt_min_stat__1,1.8460104641,1.5913348057,-2.7074960758
lrp__wt_min_stat__2,0.9426655748,1.3791892522,-2.2073135144
lrp__wt_liv_log__1,0.4942857735,0.1372481079,0.23984084090000002
lrp__wt_liv_log__2,0.1631667232,-0.0882079306,0.1635503158
lrp__wt_liv_trans__1,0.4999140844,0.3551018195,0.17172141970000002
lrp__wt_liv_trans__2,0.9068338005000001,0.0055078665,0.1494903623
lrp__wt_liv_stat__1,5.8000990589,1.0533376604,-2.3844169869
lrp__wt_liv_stat__2,4.4151683828,1.3580339608,-2.3370652507
lrp__wt_rich_log__1,1.8041513942,-0.5981942535,-1.8502456161
lrp__wt_rich_log__2,0.9752499411000001,-0.8583753209,-1.9031192534999999
lrp__wt_rich_trans__1,0.4921473474,0.35529635930000003,-0.5145144508
lrp__wt_rich_trans__2,0.12701015940000002,-0.0408972332,-0.8630342392
lrp__wt_rich_stat__1,2.0670609749,1.5323363752999999,-1.3111394682
lrp__wt_rich_stat__2,-0.42543458370000004,1.3972657133,-2.1154706037
lrp__dellrp_min_log__1,0.8745839499,-0.0368087563,-10.1521245118
lrp__dellrp_min_log__2,0.0937651164,-0.0928068697,-10.1521245118
lrp__dellrp_min_trans__1,0.3899381646,1.0588088327,-10.1521245118
lrp__dellrp_min_trans__2,1.2298392351,0.5275685706000001,-10.1521245118
lrp__dellrp_min_stat__1,2.2084690347,1.2116807283,-10.1521245118
lrp__dellrp_min_stat__2,2.8025748905,0.9771685415,-10.1521245118
lrp__dellrp_liv_log__1,-0.0594128053,0.06361008630000001,-10.1521245118
lrp__dellrp_liv_log__2,-0.054271937400000005,0.19810090400000002,-10.1521245118
lrp__dellrp_liv_trans__1,0.5945679946,0.16659990630000002,-10.1521245118
lrp__dellrp_liv_trans__2,0.4731779481,0.4208682273,-10.1521245118
lrp__dellrp_liv_stat__1,4.3490908396,1.5737211722,-10.1521245118
lrp__dellrp_liv_stat__2,3.465298551,1.8837789312000002,-9.8672853717
lrp__dellrp_rich_log__1,0.7828688675000001,-0.5686958022,-9.8472322576
lrp__dellrp_rich_log__2,1.5316075657,-0.6129413804,-10.1521245118
lrp__dellrp_rich_trans__1,0.0892816314,0.5779372779,-9.5276696438
lrp__dellrp_rich_trans__2,1.0342209256,0.4519537926,-10.1521245118
lrp__dellrp_rich_stat__1,6.097737621,1.7730515328,-10.1521245118
lrp__dellrp_rich_stat__2,6.0110858842,1.9443196858,-10.1521245118
mazF_circuit__t0__1,-0.0179575634,0.15153875290000002,-0.1740887635
mazF_circuit__t2__1,-5.1769771997,-0.44587723490000003,-0.0768579895
mazF_circuit__t4__1,-3.7343748734,-0.2733267829,-0.29923456860000003
mazF_circuit__t6__1,-1.4437695703,-0.0837476675,-0.4526764187
mazF_circuit__t8__1,-0.7853806753,0.19324425580000001,-1.4944345094
mazF_circuit__t0__2,0.0179575634,-0.15153875290000002,0.1740887635
mazF_circuit__t2__2,-5.2971620481,-0.0691899461,-0.2692647181
mazF_circuit__t4__2,-2.3549994816,-0.3609860365,-0.0776187967
mazF_circuit__t6__2,-1.7567687882,0.0695753451,-0.7796522576
mazF_circuit__t8__2,-1.4248123275,0.2708524177,-1.1713922136
mazF_ribo__emptyvec_mrna_5m__1,-0.6104952464,-0.11260716100000001,-0.0391011556
mazF_ribo__emptyvec_mrna_5m__2,0.6104952464,0.11260716100000001,0.0391011556
mazF_ribo__mazF_mrna_5m__1,5.1829532686,1.4852489246,-1.4029457082
mazF_ribo__mazF_mrna_5m__2,5.1807280327,1.3678909997,-1.3017004343
mazF_ribo__emptyvec_total_5m__1,2.297862074,0.190199568,-0.6950490788
mazF_ribo__emptyvec_total_5m__2,1.9072286453,0.247554506,-0.5546800431000001
mazF_ribo__mazF_total_60m__1,1.6803739846,1.4876031074,-2.9827201132
mazF_ribo__mazF_total_60m__2,0.8148419167000001,1.5181047698999999,-2.7841109133
mercury__ctrl_t00__1,-0.715473137,0.0305055038,-0.052812482300000005
mercury__ctrl_t10__1,-1.2292020751,0.0542978796,-0.10589080020000001
mercury__ctrl_t30__1,-0.7963623169,-0.0477155395,0.13890009520000002
mercury__ctrl_t60__1,-1.9304971517,0.4244958324,0.1291079563
mercury__hg_t10__1,9.3574820342,1.3900394231,0.3004471439
mercury__hg_t30__1,7.1992634875,2.374840139,-0.09947817140000001
mercury__hg_t60__1,7.2648431096,1.6898566126999999,-0.3231236548
mercury__pma_t10__1,5.5929258111,2.6137991772999998,0.7460154073
mercury__pma_t30__1,9.239296144,2.510529673,0.8000679278
mercury__pma_t60__1,2.309623422,-0.0837741805,0.1238717104
mercury__ctrl_t00__2,0.5899269831,0.0026866297,0.0367324978
mercury__ctrl_t10__2,-1.3229643479,-0.07428431840000001,-0.0929464423
mercury__ctrl_t30__2,-1.087967266,0.0843899605,0.2025045521
mercury__ctrl_t60__2,-2.1232318259,0.5040879935,0.1287871819
mercury__hg_t10__2,8.9846601355,1.7340917708,0.1861443562
mercury__hg_t30__2,7.0462399295,2.0849835706,-0.11038986890000001
mercury__hg_t60__2,6.7535960238,0.2643466947,-0.5372491961
mercury__pma_t10__2,5.9659062266,2.7359288984,0.7068202666000001
mercury__pma_t30__2,9.3173037778,2.1911226284,0.7367755168
mercury__pma_t60__2,0.240899946,0.0849247335,0.4609246393
mercury__ctrl_t00__3,0.1255461539,-0.0331921335,0.016079984500000002
mercury__ctrl_t10__3,-1.2579328264,-0.11760013080000001,-0.0466309701
mercury__ctrl_t30__3,-0.9912330702000001,0.1678870902,0.0735059929
mercury__ctrl_t60__3,-2.2079266308,0.07695852210000001,0.1751794513
mercury__hg_t10__3,10.0153679987,0.2417014748,0.38214387800000005
mercury__hg_t30__3,8.1242966567,2.6762401494,-0.1005630088
mercury__hg_t60__3,8.624914648,1.0251287773,-0.7817182533
mercury__pma_t10__3,5.799433523,2.7188187879,0.7795437621
mercury__pma_t30__3,9.5502538036,2.7075745184,0.9181027254
mercury__pma_t60__3,0.1973638298,0.0591565807,0.5039252657000001
ml_abx__az_lolcde__1,-3.0292580705,1.0205085588,0.6630685649
ml_abx__az_lolcde__2,-4.1607163186000005,0.47844113190000004,0.1550190619
ml_abx__az_lolcde__3,-2.7999671611,1.0749605013,0.8466753165
ml_abx__b01__1,-2.1799775454,0.3631737265,-0.1310972154
ml_abx__b01__2,-2.5686782511,0.3836467065,-0.0422508243
ml_abx__b01__3,-3.8684732669,-0.0955850967,-0.2571997454
ml_abx__cro__1,-0.1982991973,0.8371492254,0.6644495504
ml_abx__cro__2,-1.8294459551000002,0.0326220463,-0.1784902223
ml_abx__cro__3,0.05708173800000001,-0.3132201938,-0.43597441600000003
ml_abx__chl__1,-3.0757599636,-0.6537619332,-1.6307053537
ml_abx__chl__2,-2.7125193884,-0.6381598118,-1.9281791681
ml_abx__chl__3,-2.9230406395,-0.6105815173,-1.6827254891
ml_abx__cip__1,-0.41273407630000003,0.1598631331,0.18357903120000002
ml_abx__cip__2,-2.3046414096,-0.0623422161,-0.4364119913
ml_abx__cip__3,-2.1546642378,-0.7491961273000001,-1.012523352
ml_abx__clr__1,-1.3435972421,1.1588518632,-1.1883557967
ml_abx__clr__2,-0.9944795361000001,0.9996518364,-1.4192909954
ml_abx__clr__3,-1.1980318046,0.9663214394,-1.5688989825
ml_abx__cst__1,-0.2954077727,0.514129835,0.6251402931000001
ml_abx__cst__2,-2.8122453265000003,0.27194757280000004,-0.026266690500000002
ml_abx__cst__3,-1.1947885863,0.3713824338,0.12190011560000001
ml_abx__ctrl__1,-0.4029908211,0.4749675539,0.47628609850000003
ml_abx__ctrl__2,-0.3191197002,0.5125022833,0.5861321151000001
ml_abx__ctrl__3,-0.5905249292,0.1079312677,0.1574687807
ml_abx__ctrl__4,-1.001844487,0.0277838504,-0.07925651
ml_abx__ctrl__5,1.148015354,-0.5424187519,-0.6675757188
ml_abx__ctrl__6,1.1664645835,-0.5807662034000001,-0.47305476560000004
ml_abx__dox__1,-3.6830323808000003,-0.5105025191,-0.853442502
ml_abx__dox__2,-2.5722783333,-0.7168550481,-1.2689851106
ml_abx__dox__3,-3.1873199108,-0.4793362718,-1.5343207963999999
ml_abx__glob__1,-1.8143965028,0.9688436650000001,0.6773649644
ml_abx__glob__2,-3.4988262260000003,0.6533010663000001,0.2853147437
ml_abx__glob__3,-2.7455336906000003,0.0399436828,-0.006848858
ml_abx__lvx__1,0.3969394572,1.0107609349,0.46684610800000004
ml_abx__lvx__2,-0.8683029815000001,0.0925335889,-0.502865764
ml_abx__lvx__3,-0.0938848654,-0.5461387912,-0.549238314
ml_abx__mec__1,-0.0728470371,0.5522334225000001,0.5842824241
ml_abx__mec__2,-2.1530519565,-0.09680000700000001,-0.1173559478
ml_abx__mec__3,-2.7424169299,-0.4010958234,-0.397783321
ml_abx__mem__1,-0.46237672500000004,0.7476106857,0.6560686041
ml_abx__mem__2,-1.1651553248,-0.0767362043,-0.1354508106
ml_abx__mem__3,1.4532336712,-0.6230001276,-0.45790280920000004
ml_abx__nit__1,6.5688937044,1.389010155,0.3681385169
ml_abx__nit__2,8.8448326579,1.6406231451000002,0.1250848572
ml_abx__nit__3,9.3765499209,1.467350077,-0.0306615977
ml_abx__ntx__1,7.9564842225,2.0744977826,0.9781691123
ml_abx__ntx__2,9.767416066900001,2.80689376,0.9546479023000001
ml_abx__nor__1,0.6116358843,0.6505126604,0.310777583
ml_abx__nor__2,-1.1231082095,0.2868303877,-0.3204588525
ml_abx__nor__3,-1.3495064543,-0.2572055468,-0.4896707146
ml_abx__pb__1,-1.2853875595,1.1921024651,1.0177489399
ml_abx__pb__2,-2.4665314207,0.7294996017,0.4205739257
ml_abx__pb__3,-0.8528642146000001,1.0137845392,0.5868037826
ml_abx__tmp__1,-2.4429773121,0.0050676891,-0.3722908415
ml_abx__tmp__2,-1.9361283621,-0.5215094805,-1.7673126901
ml_abx__tmp__3,-1.7725606284,-0.7990337144,-1.7616071701
mut_abx__del_mutS_000nor__1,-0.3071325184,-0.037297358600000004,0.039075698900000004
mut_abx__del_mutS_000nor__2,0.0174234045,-0.1305603063,-0.2192288872
mut_abx__del_mutS_000nor__3,0.28970911390000004,0.1678576649,0.18015318830000002
mut_abx__del_mutS_125nor__1,-0.7795902892000001,-0.2428910575,0.1312014981
mut_abx__del_mutS_125nor__2,-0.9439397406000001,-0.2916125263,-0.1156548797
mut_abx__del_mutS_125nor__3,-1.0635049544,-0.0739108579,-0.032220444800000005
mut_abx__del_mutS_250nor__1,-1.3030795378,-0.1207590667,0.5185280076000001
mut_abx__del_mutS_250nor__2,-1.6140526113,-0.37369916870000003,0.4523538239
mut_abx__del_mutS_250nor__3,-1.337390143,-0.1150637357,-0.0040321253
mut_abx__del_mutS_375nor__1,-2.0235140796,0.2098312767,0.6931853723
mut_abx__del_mutS_375nor__2,-1.4283341023,0.1009765992,0.5891256807
mut_abx__del_mutS_375nor__3,-2.2287158687,0.18674051260000002,0.9303438902000001
mut_abx__del_mutS_500nor__1,-2.0074647155,0.4940390624,1.2619743965999999
mut_abx__del_mutS_500nor__2,-1.9635810138,0.5637645271,1.1437364608
mut_abx__del_mutS_500nor__3,-2.4794989209000002,0.2278187103,1.3763683434
mut_abx__del_mutS_625nor__1,-1.7759923873,0.2346684619,1.2963640306
mut_abx__del_mutS_625nor__2,-1.7210061123,0.1723298919,1.6400744890999999
mut_abx__del_mutS_625nor__3,-1.3392121037,0.1814143226,1.6411032995000001
mut_abx__del_mutS_750nor__1,-0.8922916948,0.2141988635,1.5190756242
mut_abx__del_mutS_750nor__2,-0.6566373014,0.1562838558,1.404543248
mut_abx__del_mutS_750nor__3,-1.3018527473,0.2472460337,1.5275820503
mut_abx__del_mutS_875nor__1,0.8798906859000001,0.3844374089,1.2413273238
mut_abx__del_mutS_875nor__2,0.0272383375,0.0220240414,1.6302931906
mut_abx__del_mutS_875nor__3,-0.32919935640000003,-0.0342205956,1.727661893
nit_yeaG__wt_Nminus__1,0.2541780843,-0.2342581924,-0.6661806992
nit_yeaG__wt_Nminus__2,-0.2541780843,0.2342581924,0.6661806992
nit_yeaG__wt_Nplus__1,0.3680528363,-2.229426064,2.3222682369
nit_yeaG__wt_Nplus__2,-4.5547307325,-1.6992246142,1.867855762
nit_yeaG__del_yeaG_Nminus_24h__1,4.8583983906,0.09887470500000001,0.11166448720000001
nit_yeaG__del_yeaG_Nminus_24h__2,1.9276314813000002,1.5706759804,1.5989852335
nit_yeaG__del_yeaG_Nminus_24h__3,2.0180889752,0.9229090191,0.11587826550000001
nit_yeaG__del_yeaG_Nminus__1,-0.6729768746,-0.1230318638,-0.3140631601
nit_yeaG__del_yeaG_Nminus__2,0.0662492402,0.3379183,0.94977871
nit_yeaG__del_yeaG_Nplus__1,-0.593412312,-2.2430255141,2.2212317256
nit_yeaG__del_yeaG_Nplus__2,-4.6817567658,-1.8396724838,1.8550474097
opex__amp__1,0.6374978196000001,0.1979202262,-0.2045462741
opex__amp__2,0.7664771669,0.1690612237,-0.1597403073
opex__amp__3,1.1221002288,0.2528176486,0.09515438130000001
opex__bak_amp__1,0.722244341,0.6545654991000001,-0.42282419260000004
opex__bak_amp__2,0.9763238815,0.43676119020000004,-0.0859838384
opex__bak_amp__3,1.6134183885,0.5834492905,-0.0124345133
opex__bak_kan__1,3.5367316848,0.685095821,-0.1612372647
opex__bak_kan__2,1.0980988671,0.6103755238,-0.6128614893000001
opex__bak_kan__3,3.4277200319,0.8068351799,-0.1265376337
opex__bak_nor__1,1.4613940491,0.632275781,-0.2275276558
opex__bak_nor__2,0.2324722004,0.6404013780000001,-0.2535422329
opex__bak_nor__3,1.9657962666,0.7619573553000001,-0.3060919019
opex__bak_rif__1,-0.0773790894,0.127520045,-0.4876091756
opex__bak_rif__2,0.3756157371,0.1564428596,-0.12001562510000001
opex__bak_rif__3,0.6493349011,0.0492032628,-0.36331778200000003
opex__chx_amp__1,0.6516159711,0.29933060510000004,-0.4233508166
opex__chx_amp__2,0.9422424864000001,0.2165200468,-0.3463331885
opex__chx_amp__3,-0.3088740526,0.2986861007,-0.3650706778
opex__chx_kan__1,1.8011295304,0.3513625588,-0.45302908100000006
opex__chx_kan__2,1.9173499504,0.2319471901,-0.2371652267
opex__chx_kan__3,2.0171167946,0.2840922879,-0.2741032385
opex__chx_nor__1,-0.0572894072,0.2700203735,-0.29802242360000003
opex__chx_nor__2,0.4463172904,0.32471795140000004,-0.2743115225
opex__chx_nor__3,0.739715211,0.38467492880000004,-0.4968501233
opex__chx_rif__1,1.7846440169000002,0.2535039578,-0.2924724541
opex__chx_rif__2,2.1506707061,0.12688251550000001,-0.3580055206
opex__chx_rif__3,2.4315021048,0.2279190889,-0.3164458443
opex__ctrl__1,0.3284178891,0.0291697192,-0.029562572500000002
opex__ctrl__2,-0.6275583375,-0.0123409664,0.07618207710000001
opex__ctrl__3,0.29914044840000004,-0.0168287528,-0.0466195045
opex__etoh_amp__1,1.5876010756999999,0.6663181296,-0.9269300455
opex__etoh_amp__2,1.7449563018,0.7091389787,-0.9384482605000001
opex__etoh_amp__3,1.6987515441,0.7629212718,-0.748264751
opex__etoh_kan__1,2.5585782426,0.8039386609,-0.8873012515
opex__etoh_kan__2,3.3129862795,0.8609962299,-0.8667595508
opex__etoh_kan__3,2.5023395017,0.9797831880000001,-0.8869341912
opex__etoh_nor__1,2.2134340211,0.8691593347000001,-0.8319929239
opex__etoh_nor__2,1.6403375467,0.6910240695000001,-0.9977924032000001
opex__etoh_nor__3,2.8814937874,0.7725807181000001,-0.8065437559
opex__etoh_rif__1,2.1450412152,0.2586821455,-1.0956527993
opex__etoh_rif__2,2.1062281247,0.5029638329,-1.2079512529
opex__etoh_rif__3,1.836565438,0.1490071501,-1.1344839024
opex__glual_amp__1,0.5756618943,0.4601782723,-0.5944886248
opex__glual_amp__2,0.8742780015,0.5581750545,-0.6324620085
opex__glual_amp__3,0.5729764937,0.5657838947,-0.5958388398000001
opex__glual_kan__1,3.1513864394,0.8200932831000001,-0.6987333238
opex__glual_kan__2,2.6677212625999998,0.8268484231000001,-0.6162458006
opex__glual_kan__3,2.7515452528,0.6210407825,-0.6229988394
opex__glual_nor__1,1.1485193,0.5806861078000001,-0.7775296096000001
opex__glual_nor__2,0.9661903837,0.7007558540000001,-0.6367348427
opex__glual_nor__3,0.1439965603,0.7118348254,-0.7008676392000001
opex__glual_rif__1,-0.3424565339,0.030725087600000003,-0.6743638476
opex__glual_rif__2,-0.0981636498,-0.019670290700000002,-0.7400313701
opex__glual_rif__3,-0.5654681136,-0.1336553202,-0.565808135
opex__h2o2_amp__1,0.0165391605,0.652768556,-0.211401315
opex__h2o2_amp__2,0.37856475240000004,0.5340354751,-0.15488951080000002
opex__h2o2_amp__3,-0.2190892254,0.5478926185,-0.1703112363
opex__h2o2_kan__1,3.567339138,0.6830793103,-0.1249273669
opex__h2o2_kan__2,3.8624070565,0.6507996246000001,-0.1354451734
opex__h2o2_kan__3,3.9412213127999998,0.5313688756,-0.21863114890000002
opex__h2o2_nor__1,0.07678754880000001,0.7826224867,-0.30030776540000004
opex__h2o2_nor__2,0.6397680271,0.7631579715,-0.2325921024
opex__h2o2_nor__3,2.3891017705,0.5820588264000001,-0.37651142460000003
opex__h2o2_rif__1,1.7082154805,-0.9660012254,-1.4555105899
opex__h2o2_rif__2,2.1639421807,-1.024108829,-1.4382961647
opex__h2o2_rif__3,0.9395068303,-0.8585816541,-1.265720129
opex__ippoh_amp__1,2.7266252341,1.3760395464,-0.7142990886
opex__ippoh_amp__2,1.8394287973,1.3566549089,-0.653963814
opex__ippoh_amp__3,2.1519351508,1.2743371398,-0.6355915708000001
opex__ippoh_kan__1,3.8548995294,1.262934532,-0.6535478083
opex__ippoh_kan__2,4.2081552445,1.2696233527,-0.7999838895
opex__ippoh_kan__3,3.2980193759,1.2914758025,-0.7093445216
opex__ippoh_nor__1,1.8920276345,1.4243749647000001,-0.7187732603
opex__ippoh_nor__2,1.6711689412,1.3261683785,-0.7775143879
opex__ippoh_nor__3,2.8823939079,1.1150855221,-0.9258115376
opex__ippoh_rif__1,1.988692362,0.6266904608,-1.0512845628
opex__ippoh_rif__2,2.2823883974,0.7271062598,-1.0196175642
opex__ippoh_rif__3,2.1019201603,0.6363936267,-1.0375504523
opex__kan__1,2.9221127063,0.0943293912,-0.0772316708
opex__kan__2,3.2193343501,0.1768048434,-0.1105726545
opex__kan__3,3.7270971715,0.2646356291,-0.0504237557
opex__nor__1,0.3341984,0.3014349602,-0.290542362
opex__nor__2,0.4073991688,0.3223420977,-0.2713399226
opex__nor__3,1.1677458141,0.25489564400000003,-0.1247743763
opex__paa_amp__1,-0.8594910752,0.252835327,-0.27228149020000003
opex__paa_amp__2,0.6582020854,0.15044659470000002,-0.2417259931
opex__paa_amp__3,-0.0292124193,0.3249188639,-0.20242872650000002
opex__paa_kan__1,-0.0760490004,-0.2811628398,-0.4553418254
opex__paa_kan__2,-0.7249292441,-0.2845598727,-0.22406817310000002
opex__paa_kan__3,-0.2305193869,-0.4673101086,-0.5457879472
opex__paa_nor__1,0.7388708872,0.2319062217,-0.152524719
opex__paa_nor__2,-0.1083193749,0.23629565100000002,-0.1565124314
opex__paa_nor__3,0.6328605095000001,0.24693165660000002,-0.1010947372
opex__paa_rif__1,-0.38538085400000005,-0.492802471,-0.5777452301
opex__paa_rif__2,0.1969454351,-0.4987683974,-0.4989096873
opex__paa_rif__3,0.0556892514,-0.6036748166,-0.7620831777
opex__phenol_amp__1,-0.5950988074,1.0963196397,-0.3064980264
opex__phenol_amp__2,1.2087284122,1.5892534521,-0.0468346428
opex__phenol_amp__3,0.1836502763,1.0618624729,-0.11271043130000001
opex__phenol_kan__1,3.3169610789,2.2997709578,-0.4556147712
opex__phenol_kan__2,2.6487231492000003,2.0254549509,-0.3262186607
opex__phenol_kan__3,2.7608654166,1.7369512120000001,-0.3695731685
opex__phenol_nor__1,0.4074335875,1.1724703454,-0.4328935991
opex__phenol_nor__2,-0.0414067023,1.810915744,-0.24215440130000002
opex__phenol_nor__3,0.5078653593,0.5750424675,-0.3604929584
opex__phenol_rif__1,1.2409876323,-0.586900818,-0.5729903047
opex__phenol_rif__2,-0.9130155818000001,-0.5474634256,-0.3479598095
opex__phenol_rif__3,1.2083502505000001,-0.4453771931,-0.3427384097
opex__pvpi_amp__1,-0.3394054982,0.1426880193,-0.0693524647
opex__pvpi_amp__2,-0.11334193940000001,-0.0984909831,-0.1360115345
opex__pvpi_amp__3,0.0203163713,0.037562722,-0.08623943910000001
opex__pvpi_kan__1,4.1275088824,0.1528122844,-0.17251786360000002
opex__pvpi_kan__2,4.1220192381,0.0826509094,-0.09935140960000001
opex__pvpi_kan__3,3.9470272491,0.1666156604,-0.1474329348
opex__pvpi_nor__1,-0.19097277740000002,0.11067004450000001,-0.2158333244
opex__pvpi_nor__2,0.41539113990000004,0.12823302820000002,-0.2172143657
opex__pvpi_nor__3,1.2502103532,0.2512272349,-0.2715383188
opex__pvpi_rif__1,-0.9938359221,-0.69739526,-0.601975241
opex__pvpi_rif__2,0.438331998,-0.5916355977000001,-0.5393674359
opex__pvpi_rif__3,0.17170048000000002,-0.5019957868,-0.4110311486
opex__rif__1,0.9136243633000001,-0.41608987340000003,-0.5343836343
opex__rif__2,0.0503403219,-0.6875659783,-0.4870799568
opex__rif__3,0.25947883050000004,-0.6171910457,-0.6967769961
opex__naocl_amp__1,0.4671885006,0.0856112031,0.0166659018
opex__naocl_amp__2,0.4186917472,0.06323830400000001,0.1337838902
opex__naocl_amp__3,0.9083707629000001,0.0112609583,0.009774320100000001
opex__naocl_kan__1,4.0451960635,0.0920262996,-0.0539881787
opex__naocl_kan__2,3.406603782,0.0672161738,0.016842407
opex__naocl_kan__3,2.9695126177,0.1147454938,-0.0027397658
opex__naocl_nor__1,0.7447680954,0.0323367726,-0.1634664161
opex__naocl_nor__2,0.8053854343,0.1973627667,-0.1955722765
opex__naocl_nor__3,0.2846570915,0.1650821166,-0.0901081388
opex__naocl_rif__1,0.41331024580000003,-0.6875656397000001,-0.3566875437
opex__naocl_rif__2,-0.0433625479,-0.6493735078,-0.13625683660000001
opex__naocl_rif__3,0.1953363593,-0.4457181019,-0.1463608293
phage_lysogen__wt_ctrl__1,-0.2204060414,-0.010580749,-0.2162803667
phage_lysogen__wt_ctrl__2,-0.1288230018,-0.0922021242,-0.1457966537
phage_lysogen__wt_ctrl__3,0.3492290433,0.1027828732,0.3620770204
phage_lysogen__O104_H4__1,1.9953669534,-0.1908164363,-0.1132873288
phage_lysogen__O104_H4__2,0.9883833053000001,0.1616987456,0.08352329330000001
phage_lysogen__O104_H4__3,0.9713231752,0.2310569989,0.5486137112
phage_lysogen__O157_H7_PA8__1,1.3394000181,-0.3060840383,-0.0837945815
phage_lysogen__O157_H7_PA8__2,1.4535918529,0.0769938136,0.34161905330000003
phage_lysogen__O157_H7_PA8__3,0.9229149825,0.1795141257,0.6859732818000001
phage_resist__ygbE_oe__1,5.6545517178,1.8089059533,-0.0062171997
phage_resist__wt__1,1.4085825193,0.0055979688,-0.9337380818000001
phage_resist__wt__2,-0.5105125226,0.1465719198,0.2596345097
phage_resist__wt__3,-0.4836543324,-0.0491325151,0.34944736400000004
phage_resist__wt__4,-0.41441566430000004,-0.1030373735,0.3246562081
phage_resist__ygbE_oe__2,1.2747351363,-0.0940820588,0.4641211253
phage_resist__ygbE_oe__3,0.1257931227,-0.0010808054000000001,0.48715983360000004
phage_resist__ygbE_oe__4,0.0746710643,-0.2737425714,0.5925795928
phage_resist__yahA_oe__1,-0.21128168790000001,0.0277141058,0.2186856385
phage_resist__yahA_oe__2,-0.268524449,-0.0096374074,0.1178346433
phage_resist__yahA_oe__3,-0.3777532867,0.0023857389,0.142437738
phage_resist__yrfF_ko__1,-0.7055037389000001,0.2217805304,0.0512492733
phage_resist__yrfF_ko__2,-0.3772348528,0.4852427318,0.5549373775
phage_resist__yrfF_ko__3,-0.7277481623000001,-0.1238278834,-0.0524063481
pollution__wt_ctrl__1,-0.4247193943,-0.2271876945,0.0871727219
pollution__wt_ctrl__2,0.6254916456,0.237239424,-0.1257125641
pollution__wt_ctrl__3,-0.2007722513,-0.0100517295,0.0385398422
pollution__wt_urban__1,-1.1528182921,0.09388035780000001,0.0170087381
pollution__wt_urban__2,-0.5978445116000001,0.12016967120000001,0.0335088705
pollution__wt_urban__3,-0.0440231222,0.7892651325000001,-0.0744039583
pollution__wt_diesel__1,0.0899508421,0.4660749259,0.0640315412
pollution__wt_diesel__2,0.4133687381,0.5865822759,0.47442714100000005
pollution__wt_diesel__3,0.2462980622,0.3290399531,0.516957018
pollution__evo_diesel__1,1.2032051564,0.4371475247,-0.7241306012000001
pollution__evo_diesel__2,0.6865658689,0.15976489100000002,-0.7461422037000001
pollution__evo_diesel__3,0.8609212831,0.3171148433,-0.816640511
ppGpp__wt_relAtrunc_00m__1,-0.24197019490000002,0.0443464211,-0.4650170918
ppGpp__wt_relAtrunc_00m__2,0.8739950287,0.0979764448,-0.34479734900000003
ppGpp__mut_delrelA_10m__1,2.6835811296000003,0.12959993,-0.6313993248
ppGpp__mut_delrelA_05m__1,2.4229850021,-0.09381577490000001,-0.9163781618
ppGpp__mut_delrelA_10m__2,2.4315904769,-0.0974932532,-0.6583497656
ppGpp__mut_delrelA_10m__3,2.8125763479,0.18857284200000002,-0.6379152501
ppGpp__mut_delrelA_00m__1,2.6258657673,-0.0509914289,-1.0630706936
ppGpp__mut_delrelA_00m__2,2.1431539317,-0.0728893427,-1.2287369215
ppGpp__mut_delrelA_05m__2,2.3185767705,-0.0620180249,-1.0067075456
ppGpp__mut_delrelA_05m__3,2.8901294584,0.0597738972,-0.9316485147
ppGpp__mut_delrelA_00m__3,2.6620662356,-0.0682790085,-1.2240313197
ppGpp__wt_delrelA_10m__1,1.7854660688,1.2822703515,2.1863763591
ppGpp__wt_delrelA_05m__1,2.3820158632,0.9711487146000001,1.9236357447999999
ppGpp__wt_delrelA_05m__2,1.6407953021,0.9689090100000001,1.8943560422
ppGpp__wt_delrelA_10m__2,0.9572737,1.3417963703,2.1351805528
ppGpp__wt_delrelA_10m__3,1.4055428551,1.3092218495,2.1996466434
ppGpp__wt_delrelA_00m__1,-0.2425233353,0.09548716530000001,-0.0099429989
ppGpp__wt_delrelA_00m__2,0.2263019547,0.0238911589,0.0772490323
ppGpp__wt_delrelA_05m__3,1.5805848514,1.0362815251,1.8917099919
ppGpp__wt_delrelA_00m__3,0.0162213805,-0.1193783243,-0.0673060335
ppGpp__mut_relAtrunc_10m__1,3.6164987776,-0.3695489836,-1.0802750347
ppGpp__mut_relAtrunc_05m__1,3.4538396119,-0.3256115811,-0.925047186
ppGpp__mut_relAtrunc_05m__2,3.6930894114,-0.2638149741,-1.0281568676
ppGpp__wt_relAtrunc_10m__1,0.4995144872,-0.2129483667,-0.1270896112
ppGpp__wt_relAtrunc_10m__2,0.6557792028,-0.06552706200000001,-0.09576320840000001
ppGpp__wt_relAtrunc_10m__3,0.7574945232,-0.0930448151,-0.0514791192
ppGpp__mut_relAtrunc_00m__1,4.0601722777,0.0266892344,-1.1492825234
ppGpp__wt_relAtrunc_00m__3,-0.1199918059,0.033940898500000004,-0.0539672148
ppGpp__wt_relAtrunc_05m__1,1.9040403236,-0.1875883967,-0.3360690113
ppGpp__wt_relAtrunc_05m__2,2.8657115842,-0.2570522685,-0.3591382528
ppGpp__wt_relAtrunc_05m__3,2.4794781257,-0.19984106910000002,-0.23039244050000002
ppGpp__mut_relAtrunc_00m__2,1.9881739411,-0.28600358330000003,-1.5565715376
ppGpp__mut_relAtrunc_00m__3,2.6901235301,-0.2941118572,-1.3472401395
ppGpp__mut_relAtrunc_10m__2,3.6640116185,-0.5568225522,-1.1614732688
ppGpp__mut_relAtrunc_05m__3,3.8046402681,-0.15072095100000002,-1.1960530839
ppGpp__mut_relAtrunc_10m__3,3.4866377001,-0.23973336280000002,-1.1547836404
pressure__high_pressure__1,0.7933511953,-0.2755235823,-0.4991990525
pressure__high_pressure__2,1.2975433637,-0.2089296216,-0.442898917
pressure__low_pressure__1,0.8425817572000001,0.1157425901,-0.0098924062
pressure__low_pressure__2,-0.8425817572000001,-0.1157425901,0.0098924062
quantum_dots__ctrl__1,0.08721925600000001,0.1629661385,-0.145891016
quantum_dots__ctrl__2,-0.08721925600000001,-0.1629661385,0.145891016
quantum_dots__cdte_light__1,1.4245202166,0.6710521017000001,-0.0096629099
quantum_dots__cdte_light__2,1.8998929773,0.7842225068,0.4091311132
quantum_dots__cdte_dark__1,-0.6722537152,0.4133466363,0.2269452471
quantum_dots__cdte_dark__2,0.1978836603,0.3004106004,0.2487648547
quantum_dots__cdse_light__1,-0.5278088852,0.1377948882,-0.0187389058
quantum_dots__cdse_light__2,-1.1090973406,0.0678224292,0.2626192913
quantum_dots__cdse_dark__1,-1.3814393112,0.19380819030000002,0.6488076774
quantum_dots__cdse_dark__2,-1.1139482839000001,0.4169268437,0.6874737161000001
raman__wt__1,-0.163586278,-0.3288536744,-0.061485168400000005
raman__del_cyaA__1,0.07325528020000001,0.29131794920000004,0.7114775326
raman__del_cyaA_01mM__1,0.0744428287,0.49538219180000004,0.8600672109
raman__del_cyaA_05mM__1,-1.6076946961,0.1393605678,0.4070462634
raman__del_cyaA_1mM__1,-0.5014019177,-0.1118887679,-0.2118340766
raman__wt__2,0.12248838420000001,0.0461536924,-0.1495236795
raman__del_cyaA__2,0.032109987300000004,0.4115195694,0.6814934777
raman__del_cyaA_01mM__2,0.4893436105,0.5391943452,0.7414125037
raman__del_cyaA_05mM__2,-0.023723326700000002,0.3031594085,0.3947216577
raman__del_cyaA_1mM__2,-1.4851954128,-0.32403389850000003,-0.3229811729
raman__wt__3,0.0410978938,0.282699982,0.21100884800000003
raman__del_cyaA__3,0.5312263538,0.49822126400000005,0.6038699491
raman__del_cyaA_01mM__3,0.0625526599,0.7119180829,0.7870545284
raman__del_cyaA_05mM__3,-0.9648116655000001,-0.011708446400000001,0.250815504
raman__del_cyaA_1mM__3,-0.6943341058,-0.36900008830000003,-0.25305674300000003
rand_barrel__mut_nanE__1,-2.8334914337,-0.47735399510000004,-0.1142661083
rand_barrel__mut_nanE__2,-2.7681498365,-0.4320021074,-0.18387289210000002
rand_barrel__mut_nanE__3,-3.2998494174,-0.45447152630000004,-1.7696626579
rand_barrel__mut_pdxJ_1__1,-7.071622429,-0.7369845289,0.0595672831
rand_barrel__mut_pdxJ_1__2,-8.8204303585,-0.7196465371,-0.0943527899
rand_barrel__mut_pdxJ_1__3,-5.7502386526,-0.7710215991,-1.5527229283000001
rand_barrel__mut_pdxJ_2__1,-3.5446885687,-0.8664722022,-0.2743133162
rand_barrel__mut_pdxJ_2__2,-1.9673812222,-0.7410156058,-0.1824731146
rand_barrel__mut_pdxJ_3__1,-6.3351517335,-0.6570887735000001,-0.0527925588
rand_barrel__mut_pdxJ_3__2,-5.5932689732,-0.7972758658,-0.1111367598
rand_barrel__del_serB__1,0.0308997194,0.043245059,0.0976422895
rand_barrel__del_serB__2,-0.0308997194,-0.043245059,-0.0976422895
rockhopper__CV104_pHDB3__1,-1.1863001225,-0.245544485,-1.3280086315
rockhopper__CV104_pHDB3__2,-0.329501078,-0.5364975125,-1.2549976659
rockhopper__CV104_pHDB3__3,-0.0182931205,-0.7831022226000001,-1.5262674848
rockhopper__CV104_pLCV1__1,-0.2450458533,-0.4889587302,-1.2795174404
rockhopper__CV104_pLCV1__2,-0.6631084397,-0.5516030241000001,-1.3731510517
rockhopper__CV104_pLCV1__3,-0.32943844110000003,-0.8755945700000001,-1.3373490718
rockhopper__wt_lb__1,0.7112981664,-0.8204090941000001,-1.3728259332000001
rockhopper__wt_lb__2,0.0768793551,-0.7147443718000001,-1.2398064386
rockhopper__wt_lb__3,0.7121385090000001,-0.8371875914,-1.0662547752
rockhopper__wt_lb_aMG__1,-3.4941014966,-0.6080147060000001,-1.4952724953
rockhopper__wt_lb_aMG__2,-2.4874885602,-0.6841078123000001,-1.3976358772
rockhopper__wt_lb_aMG__3,-2.2828276802,-0.3011924384,-1.3906874613
rockhopper__del_sgrR_lb_aMG__1,-4.2431017165,-0.0355154847,-0.8236491265
rockhopper__del_sgrR_lb_aMG__2,-3.4798020503,0.6093652507,-1.2379253064
rockhopper__del_sgrR_lb_aMG__3,-2.968575265,0.4850079333,-1.1345188754
rockhopper__del_sgrS_glyc_aMG__1,-3.3611340273,0.4133576545,-0.5585810436
rockhopper__del_sgrS_glyc_aMG__2,-2.6624970405,0.1764896267,-0.862548846
rockhopper__del_sgrS_glyc_aMG__3,-3.7282401439,0.1822175682,-1.2945285391999999
rockhopper__del_sgrS_glyc__1,-1.8866090989000002,-1.1546104944,-1.6807699151
rockhopper__del_sgrS_glyc__2,-2.3867567838,-0.8410611285,-1.6877316355
rockhopper__del_sgrS_glyc__3,0.0021107225,-1.1364165482,-2.0410533937
rockhopper__wt_lb_aMG__4,-2.6615829627,-0.2948125179,-1.0571512253
rockhopper__wt_lb_aMG__5,-3.5390182928,0.2307165732,-1.3691852483
rockhopper__wt_lb_aMG__6,-3.6449463103,0.2361938986,-1.0286376263
rockhopper__wt_glyc_aMG__1,-2.8075247824,0.3923880946,-0.6750181829
rockhopper__wt_glyc_aMG__2,-5.3555769785,-0.20167926160000002,-0.8109577943
rockhopper__wt_glyc_aMG__3,-4.8694162547,-0.2192573143,-1.1125216051
rockhopper__wt_glyc__1,-1.0036670157,-1.072345255,-1.1867504545
rockhopper__wt_glyc__2,-0.6295962872,-0.9055652420000001,-1.6767903861
rockhopper__wt_glyc__3,-1.1682203929,-0.9446438549,-1.6534572454
rockhopper__CV108_glyc_aMG__1,-0.1200215417,0.11847285440000001,0.7179084734000001
rockhopper__CV108_glyc_aMG__2,-1.3065260479,1.0312060164,0.7362325598
rockhopper__CV108_glyc_aMG__3,-3.6590432329,0.7140038909,1.006572885
rockhopper__wt_glyc__4,0.0587988532,-0.5937658972000001,0.4495414401
rockhopper__wt_glyc__5,-2.4563794173,-0.6821771107,0.5933544645000001
rockhopper__wt_glyc__6,1.0793812688,0.42258906300000004,0.2814118607
rockhopper__wt_glyc_aMG__4,-0.8827601744,0.8793683569,0.9473328476
rockhopper__wt_glyc_aMG__5,-1.8811204245000002,0.8114324727000001,0.8766874484
rockhopper__wt_glyc_aMG__6,-3.1630293784,1.010188236,0.8894083801
rockhopper__wt_glyc__7,1.2869461758,1.0302041266,0.4436912194
rockhopper__wt_glyc__8,-0.46533453090000004,0.8549552688000001,0.7616024275000001
rockhopper__wt_glyc__9,1.5805368147,1.1883128208,0.2837178844
rockhopper__wt_glyc__10,1.5438654070000002,0.1753586402,0.2635142947
rockhopper__wt_glyc__11,0.1193342289,0.3163230791,0.6403438638
rockhopper__wt_glyc__12,0.0543348956,0.2107543614,0.799820631
rpoD__wt__1,-0.6544897187000001,0.062314271600000005,-0.1991334016
rpoD__wt__2,-0.1355159333,0.020981221300000002,0.0672594889
rpoD__rpoD_mut__1,1.3420310181000001,-0.7941854351000001,1.4342793876
rpoD__rpoD_mut__2,2.4160142913,-0.7187056202000001,1.6626326727
rpoD__rpoD_mut__3,0.8566577460000001,-0.894772043,1.4639957909
rpoD__wt__3,0.7900056520000001,-0.0832954929,0.1318739127
rpoN_peptide__ctrl__1,-0.08255201940000001,0.1296534271,0.053049822600000004
rpoN_peptide__ctrl__2,0.2221556936,0.1016918896,0.0480566879
rpoN_peptide__ctrl__3,-0.1396036742,-0.2313453167,-0.10110651050000001
rpoN_peptide__nminus__1,0.3944564062,0.34453441430000004,0.13706618980000002
rpoN_peptide__nminus__2,0.3089582122,0.2273199421,0.09511590780000001
rpoN_peptide__nminus__3,0.3235639683,0.054444612600000004,0.0064846481000000004
rpoN_peptide__nplus__1,-4.9359896081,-2.2441015544,0.6642812334
rpoN_peptide__nplus__2,-4.9546868094,-2.3365802763,0.6854906353
rpoN_peptide__nplus__3,-4.8137366702,-2.429021249,0.6443695607000001
rpoN_peptide__s54_wt__1,-0.8650358762,-0.43661990580000004,-0.1823675129
rpoN_peptide__s54_wt__2,-0.6596582374000001,-0.4051532854,-0.12227496
rpoN_peptide__s54_wt__3,-0.9921787401000001,-0.7658064099,-0.217228827
rsd__wt_ee__1,-0.21253826580000001,-0.055198456300000004,0.0275274774
rsd__wt_ee__2,0.21253826580000001,0.055198456300000004,-0.0275274774
rsd__del_rsd_ee__1,0.181152268,0.1471779976,0.2019213635
rsd__del_rsd_ee__2,0.5649856479,0.0439337017,-0.0390712753
rsd__del_ssrS_ee__1,-0.310135863,0.5158699917,1.3519903585
rsd__del_ssrS_ee__2,-0.19330964150000002,0.741879544,1.0236524388
rsd__del_rsd_ssrS_ee__1,3.6716328231,0.6905274977,0.8146877847
rsd__del_rsd_ssrS_ee__2,4.106626618,0.6763993718,0.8745277252
rsd__del_rpoS_ee__1,-0.16333994740000002,0.9998480156,1.426804669
rsd__del_rpoS_ee__2,-0.3570616132,0.7908001605,1.4651412048
rsd__wt_me__1,0.6835141613,-0.4481401286,0.7968716572000001
rsd__wt_me__2,0.4109045793,-0.2842104218,0.8013290864
rsd__del_rpoS_me__1,0.4170379862,-0.9565960059,0.6549149267000001
rsd__del_rpoS_me__2,0.11023482180000001,-0.8998513971000001,0.8205452233
rsd__wt_ts__1,3.2266482868,-0.2752785846,0.7593629519
rsd__wt_ts__2,3.1630613362,-0.0661714566,-0.0186941276
rsd__del_rsd_ssrS_ts__1,2.3429518361,0.44208139420000003,0.4015656368
rsd__del_rsd_ssrS_ts__2,2.3873126384,0.6772005433,0.3277287799
rsd__del_rpoS_ts__1,2.8870740701,0.307549616,1.2304271965
rsd__del_rpoS_ts__2,2.7689892157,0.4325420667,1.2509939058000001
rsd__wt_s__1,2.7851155475000002,0.7370001396,0.4992769731
rsd__wt_s__2,2.7538112766,0.7947228899000001,0.5286353795000001
rsd__del_rsd_s__1,2.584243952,0.6265366942,0.5017949779
rsd__del_rsd_s__2,3.0292684425,0.702873162,0.5469823272000001
rsd__del_rsd_ssrS_s__1,2.058770063,0.046817131000000005,0.5881313325
rsd__del_rsd_ssrS_s__2,2.4550239054,-0.0287863353,0.6162104347
rsd__del_rsd_ls__1,5.2303166864,2.8095916156,-0.013190871500000001
rsd__del_rsd_ls__2,5.3599951051,2.8907139946,-0.1453740265
rsd__del_ssrS_ls__1,5.0199716103,1.6214946988999999,0.6011742367
rsd__del_ssrS_ls__2,5.9228078254,1.7202439346,0.0366823544
rsd__del_rsd_ssrS_ls__1,2.7467235461,1.626145106,0.808629853
rsd__del_rsd_ssrS_ls__2,3.0646607588,1.8221866807,0.7634098061
rsd__del_rpoS_ls__1,0.5738156673,-0.4435729701,0.16125053520000002
rsd__del_rpoS_ls__2,1.0332545666,0.2499759392,0.26418367130000003
sdsR_ryeA__wt_3h__1,0.0019949285,0.0607390348,0.5058222793
sdsR_ryeA__wt_8h__1,2.008328016,0.9854161343000001,-0.9476908706
sdsR_ryeA__wt_3h__2,-0.0019949285,-0.0607390348,-0.5058222793
sdsR_ryeA__wt_8h__2,1.8611797903,1.3633191369,-0.9505162484
starve_series__t00_growth1__1,-0.11853503,-0.1162594332,0.013123618200000001
starve_series__t00_growth1__2,-0.0706124421,-0.21789707020000001,0.1266291786
starve_series__t00_growth1__3,0.26470693,-0.0390931031,0.08964925530000001
starve_series__t00_growth1__4,-0.0755594579,0.3732496066,-0.2294020521
starve_series__t01_starve__1,2.4438931909,0.3011212592,-0.057824759
starve_series__t01_starve__2,2.1944335524,0.2509823202,-0.0120776311
starve_series__t02_starve__1,2.9663022788,0.24599320770000002,-1.7201995894
starve_series__t02_starve__2,3.1813601357,0.2254897546,-1.7502459853999999
starve_series__t03_starve__1,2.7597711794,0.1865250189,-2.7442175413000003
starve_series__t03_starve__2,2.9947397428,0.29741150110000003,-2.6148813271
starve_series__t04_starve__1,2.3959093575,-0.2457640049,-2.6563782168
starve_series__t04_starve__2,2.0625748796,-0.0989359497,-2.809187398
starve_series__t05_starve__1,2.3318251355,-0.4059283878,-3.0126142138
starve_series__t05_starve__2,1.6169161428,-0.11365059999999999,-3.0632475102
starve_series__t06_starve__1,3.1400921765,-0.49839722210000004,-2.8216324472
starve_series__t06_starve__2,3.2638777495,-0.5266227984,-2.8115957376000003
starve_series__t07_starve__1,4.0528722374,-0.69519003,-3.1291572271
starve_series__t07_starve__2,4.1295015588,-0.4150254805,-3.1238630715
starve_series__t08_starve__1,4.7988678999,-0.6241237979,-3.6442053812
starve_series__t08_starve__2,4.6172674888,-0.49749302510000004,-3.1883107096
starve_series__t09_starve__1,5.5340901998,-0.4726173503,-3.4352714817
starve_series__t09_starve__2,5.2737561102,-0.542362471,-3.7413366778
starve_series__t10_starve__1,5.520880641,-0.7418272175,-3.3688295218
starve_series__t10_starve__2,5.5094298432,-0.4388138997,-3.7168604671
starve_series__t11_starve__1,5.9265526867,-0.3343891317,-3.6888775332
starve_series__t11_starve__2,6.2545726747,-0.2701549198,-3.7873311474999998
starve_series__t12_starve__1,7.5819136536,-0.66584782,-3.2805276086
starve_series__t12_starve__2,7.8381670468,-0.5471229379,-3.1975675247
starve_series__t14_starve__1,8.968455934,-0.22740535580000001,-2.9254399000999998
starve_series__t14_starve__2,8.2570737409,-0.1551790915,-3.3058402389
starve_series__t16_starve__1,9.1142908533,0.14571774610000002,-2.5426471013
starve_series__t16_starve__2,9.0041199709,0.1101397587,-2.8400523983
starve_series__t17_starve__1,9.1220536657,0.6568114131,-2.3616476175
starve_series__t17_starve__2,9.0268153037,0.8115826092,-2.4301535458
starve_series__t18_starve__1,8.3222766262,0.5685006140000001,-2.3393180076
starve_series__t18_starve__2,8.9614690135,0.4785683731,-2.3778706581
starve_series__t20_starve__1,3.0417123045,1.0321860142000001,0.0323471909
starve_series__t20_starve__2,2.5807020338999997,0.9437388086,-0.1173381604
starve_series__t21_growth2__1,1.3385930844,0.4986581854,0.3218490633
starve_series__t21_growth2__2,1.081490116,0.4477479539,0.3698439028
starve_series__t22_growth2__1,1.7336143661999999,0.8295603981,0.1528311731
starve_series__t22_growth2__2,1.8628199747,1.261232904,-0.371784641
starve_series__t23_growth2__1,1.0231370685,0.7837493729,0.3277035427
starve_series__t23_growth2__2,0.7677143959,0.6160811136000001,0.3349679095
starve_series__t25_growth2__1,1.2788006194000001,0.6021980247000001,0.6772013503000001
starve_series__t25_growth2__2,0.8518119643000001,0.7722232716,0.6074208993
starve_series__t26_growth2__1,1.6325507235,0.6764084260000001,0.099429391
starve_series__t26_growth2__2,1.9768053914000001,0.9449765717,-0.2652006642
starve_series__t27_growth2__1,1.9094410007,0.7159084549,-0.13971786790000001
starve_series__t27_growth2__2,2.1348871842,0.6993574985000001,-0.0848954303
starve_series__t28_growth2__1,1.6734612574,0.4379484811,0.33822443620000003
starve_series__t28_growth2__2,1.9514462425999999,0.5651448145,0.2502416403
time_course__lb_4hr__1,-0.14851607490000002,-0.0076870539,0.056289837100000004
time_course__lb_4hr__2,-0.0786269312,0.019266396800000002,-0.019213201200000002
time_course__lb_4hr__3,0.22714300610000002,-0.011579342900000001,-0.0370766359
time_course__lb_8hr__1,0.7538707914,1.1065224839,-0.0733523536
time_course__lb_8hr__2,1.0242621377,1.056783813,-0.0861972114
time_course__lb_8hr__3,0.065826808,0.9986946118000001,-0.0931866211
time_course__lb_24hr__1,7.0255122025,1.2636971589,-1.6010518025
time_course__lb_24hr__2,7.4210839308,1.4328349415,-1.5081640842000001
time_course__lb_24hr__3,6.9622648648,1.295927954,-1.4513147673
time_course__lb_72hr__1,6.6503483123,0.5414662695,-0.1669950143
time_course__lb_72hr__2,6.0961242554,0.6384693793,0.08167641590000001
time_course__lb_72hr__3,6.5091650943,0.7589361419,0.1447338988
time_course__lb_144hr__1,1.8835971908,0.17278491840000001,0.40672018460000003
time_course__lb_144hr__2,3.0192049204,0.3781327712,0.2449355721
time_course__lb_144hr__3,3.2948010603,0.2848707697,0.0163210913
time_course__lb_192hr__1,3.2841662874,0.24861659700000002,-0.0127724675
time_course__lb_192hr__2,3.1179874086,0.051139073800000004,0.07222906180000001
time_course__lb_192hr__3,2.4615855081,0.1743720176,-0.11092351810000001
triclosan__wt__1,0.21560242770000002,0.13268318540000001,-0.0096560084
triclosan__wt__2,0.0710435962,0.2961652385,0.0099178532
triclosan__wt__3,-0.2866460239,-0.4288484239,-0.0002618449
triclosan__evo_amx_tcs__1,-1.1497750274,-0.7214772348,0.5499247772
triclosan__evo_amx_tcs__2,-1.7426668438,-1.3486647687,-0.7342758703000001
triclosan__evo_amx_tcs__3,-0.5089753273000001,-0.0745372843,0.4179873342
triclosan__evo_chl_tcs__1,-0.8503155446,-0.5299242343,-0.1131029253
triclosan__evo_chl_tcs__2,-0.9734794762000001,-0.14015032600000002,-0.0943829982
triclosan__evo_chl_tcs__3,-0.5304041181,-0.0300867871,-0.2562094459
triclosan__evo_tet_tcs__1,-2.0347834155,0.967732927,-0.3112176485
triclosan__evo_tet_tcs__2,0.1477697121,-0.0166274828,0.295810035
truHMM__48C_15m__1,3.1451968221,-1.8822811306,0.1893327639
truHMM__48C_15m__2,3.8736949248,-1.8846259921000001,0.1678613604
truHMM__48C_15m__3,0.4731486955,-1.8774067623000001,-0.6845379939
truHMM__48C_30m__1,16.4124348442,-0.5493088544,-0.5567529896
truHMM__48C_30m__2,16.3144609653,-0.5256804377000001,-0.5837742612
truHMM__48C_60m__1,14.6773930352,0.0099885624,-0.9098664675
truHMM__48C_60m__2,14.6634234726,0.0040431848,-0.9153044857
truHMM__phos_0h__1,0.0962097187,-0.0052592584,-0.0107771099
truHMM__phos_0h__2,-0.0962097187,0.0052592584,0.0107771099
truHMM__phos_2h__1,10.4920474522,-0.7766976111,-0.34537290940000004
truHMM__phos_2h__2,10.5877310466,-0.7790612087000001,-0.3597820269
truHMM__phos_4h__1,4.5769747092,-0.9144983990000001,-1.6429406242
truHMM__phos_4h__2,4.6192470147,-0.9363037388000001,-1.6432130877
truHMM__phos_4h__3,1.7855293732000002,-0.8513533915,-2.4348343635000003
control__wt_glc__1,-0.0261108127,-0.0025814055,-0.01164171
control__wt_glc__2,0.0261108127,0.0025814055,0.01164171
fur__wt_dpd__1,0.2632987629,0.9163972805,-0.6940244830000001
fur__wt_dpd__2,0.1646014735,1.0405267245,-1.072648193
fur__wt_fe__1,0.3347079348,-0.5084434435,-0.29271737000000003
fur__wt_fe__2,0.3787122056,-0.49362730250000003,-0.3638154
fur__delfur_dpd__1,-0.12011704020000001,0.8341778645,-0.37554615
fur__delfur_dpd__2,-0.11141255330000001,0.8030110295,-0.42726524
fur__delfur_fe2__1,1.9921770268999999,0.035653884500000003,-0.40719294
fur__delfur_fe2__2,2.2093502405,0.09435808450000001,-0.38888722000000003
acid__wt_ph5__1,0.5915471623,0.0792176395,-0.09708397
acid__wt_ph5__2,0.6915342499,-0.0604358165,-0.09599975000000001
acid__delgadx_ph5__1,0.3784062445,-0.0097070575,-0.25259054000000003
acid__delgadw_ph5__1,1.2129613506,-0.061254354500000004,-0.20636768
acid__delgadw_ph5__2,1.4334972916,-0.026058295500000002,-0.13596409
acid__delgade_ph5__1,1.4786805266,-0.052038598500000005,-0.03282263
acid__delgade_ph5__2,1.0796723369,-0.0777910135,-0.08436744
oxidative__wt_pq__1,0.1393478675,1.3085100935,-0.31749068
oxidative__wt_pq__2,0.0538653796,1.4555448125,-0.26522032
oxidative__deloxyr_pq__1,-0.22300783970000002,1.1684874925,-0.09725503
oxidative__deloxyr_pq__2,-0.0264839135,1.2458497015,-0.14415623
oxidative__delsoxr_pq__1,-0.9596014857,1.0304058985,-0.480100356
oxidative__delsoxr_pq__2,-0.6690221994000001,0.9661748225000001,-0.43780535
oxidative__delsoxs_pq__1,0.5965264959000001,1.2611123714999999,-0.36656416
oxidative__delsoxs_pq__2,0.7901578212,1.3326696855,-0.27357684
nac_ntrc__wt_csn__1,1.2290903668,0.6784466145,0.2274396
nac_ntrc__wt_csn__2,0.5328702132,0.5890524185,0.30784091
nac_ntrc__wt_cytd__1,-0.2093620177,0.44245937150000003,0.12546447
nac_ntrc__wt_cytd__2,-0.15895855550000001,0.4587771765,0.1488817
nac_ntrc__wt_gln__1,0.4259771658,0.7322602265,0.06384899000000001
nac_ntrc__wt_gln__2,0.2721831685,0.8357734755,0.03403801
nac_ntrc__bw_delnac_csn__1,1.3523877740999999,1.0486154195,-0.26887009
nac_ntrc__bw_delnac_csn__2,0.8874447047,1.2529465325,-0.49716302100000004
nac_ntrc__bw_delnac_cytd__1,0.40134366260000004,0.7635658775,0.3625209
nac_ntrc__bw_delnac_cytd__2,0.3393415869,0.6051893165000001,0.31627001
nac_ntrc__bw_delnac_gln__1,-0.5750107892,0.7816900235,0.20808448000000002
nac_ntrc__bw_delnac_gln__2,-0.6690789385,0.8072109705,0.1513594
nac_ntrc__bw_delnac_nh4__1,1.5845030222,0.032679981500000004,0.23073662
nac_ntrc__bw_delnac_nh4__2,2.3311633882000002,0.1080009645,0.13001687
misc__wt_no_te__1,1.0026084351,0.3735531025,-0.30092759999999996
misc__wt_no_te__2,0.6007198921,0.2535045875,-0.19214711
misc__bw_delcbl__1,2.3797500844,-0.1553616525,-0.30941163
misc__bw_delcbl__2,2.3024496207,-0.1838086395,-0.26496448
misc__bw_delfabr__1,2.8227595206,-0.3290080355,-0.26036956
misc__bw_delfabr__2,2.8061182869,-0.4380904855,-0.27374641
misc__bw_delfadr__1,1.9697551247,-0.0045732375000000006,-0.35011749999999997
misc__bw_delfadr__2,1.8542621777,0.0557026365,-0.23017134
misc__nitr_031__1,1.5730236341000001,0.3085846735,-0.18571492
omics__wt_glu__1,2.1581235488,-0.3315417865,-0.619665303
omics__wt_glu__2,1.943154029,-0.1262882955,-0.41678455000000003
omics__wt_gly__1,2.3757125314,-0.0714942115,-0.46201224
omics__wt_gly__2,2.3500201186,0.07240529750000001,-0.45940358000000003
omics__wt_thr__1,2.4641472105,0.6585219305000001,-0.823787359
omics__wt_thr__2,1.8480500911000002,0.5023839605,-0.6692287650000001
omics__bw_ac__1,1.0613356611,0.2087806955,-0.31974963
omics__bw_ac__2,1.5299437233000002,0.1507203175,-0.27927106
omics__bw_fum__1,3.8389099058,0.4502188875,-0.492263198
omics__bw_fum__2,3.5742745486,0.5176238215,-0.40191275
omics__bw_glc__1,3.3291046952,0.5301341495,0.06089709
omics__bw_glc__2,3.2054011776,0.6470471245,0.04774304
omics__bw_pyr__1,3.0199689461,0.4583157805,-0.24984238
omics__bw_pyr__2,2.1426093697,0.5045712005,-0.18606416
ompr__wt_nacl__1,1.6041385834000002,1.1369315205000001,-1.768785747
ompr__wt_nacl__2,1.1158008353,1.3021742325,-1.60188357
ompr__bw_delompr_nacl__1,3.0219935113,1.5058905075,-2.108711887
ompr__bw_delompr_nacl__2,2.825200341,1.4984535275,-2.047493032
minspan__wt_ade__1,1.2464418762,-0.5370177135,0.11695164
minspan__wt_glc__1,1.4661513916,-0.2858121575,-0.23467701
minspan__wt_glc__2,1.2885088933,-0.2473157325,-0.30810333
minspan__wt_glc__3,1.0899834392,-0.2302732265,-0.32713585
minspan__wt_glc_anaero__1,1.4135112481,-0.3388484155,-0.42433926
minspan__wt_glc_anaero__2,-0.4726453372,-0.3819653525,-0.36819001
minspan__wt_trp__1,2.1215854998,-0.0578159665,0.16952413
minspan__bw_delcra_glc__1,1.5518047715,0.37064244350000003,0.02859596
minspan__bw_delcra_trp__1,1.3659238948999999,0.0373271665,0.48235206
minspan__bw_delmntr__1,1.5231645729,0.1918218945,-0.489868083
minspan__bw_delnac_ade__1,2.0850874849,-0.3118562375,-0.25947829
minspan__bw_delnac_glc__1,0.9103963167,-0.3048554515,-0.16589605000000002
cra_crp__wt_ac__1,0.8434036092,-0.0462790795,-0.7937532780000001
cra_crp__wt_ac__2,0.5318494579,-0.11424740650000001,-1.007436182
cra_crp__wt_fru__1,2.270425896,-0.1035195065,-0.7812257650000001
cra_crp__wt_fru__2,2.3714638937,-0.0926060555,-0.567632298
cra_crp__delcra_ac__1,0.6667297479000001,0.38350224050000004,-0.912469379
cra_crp__delcra_ac__2,1.0127050508,0.4258808785,-0.928845298
cra_crp__delcra_fru__1,0.7182549452,0.020514267500000002,-0.14619799
cra_crp__delcra_fru__2,1.1686838928,0.0967051255,-0.16313055
cra_crp__delcra_glc__1,1.4929709723,0.0137858705,-0.17590444
cra_crp__delcra_glc__2,0.9885688041,0.0069680625,-0.07839542000000001
rpoB__wt_031__1,2.8238146119,0.1215050455,-0.15020317
rpoB__wt_044__1,0.8234776928,-0.0896495915,-0.14559594
rpoB__wt_lb__1,-0.2829130129,0.5375923535,-1.593807688
rpoB__wt_lb__2,0.1742976595,0.5501618045000001,-1.529605959
rpoB__rpoBE546V_031__1,2.3981109336,0.6412325775000001,0.20338541000000002
rpoB__rpoBE546V_044__1,1.8081253725000002,0.7212500425,0.22428217
rpoB__rpoBE546V_lb__1,1.472385078,0.9229984975000001,-1.654974314
rpoB__rpoBE546V_lb__2,1.3303738496,0.8778519535,-1.659310064
rpoB__rpoBE546V_glc__1,1.834443769,-0.33221376750000003,-0.29452587
rpoB__rpoBE672K_glc__1,-1.0540022203,-0.40670952250000003,-0.23889059999999998
rpoB__rpoBE672K_glc__2,-0.9908060253000001,-0.42209742250000004,-0.24658735
rpoB__rpoBE672K_lb__1,0.7713166934,0.2176569865,-2.250047412
rpoB__rpoBE672K_lb__2,1.4891384312,0.2566309465,-2.232371337
crp__wt_fru__1,-0.0056522431,-0.22940688850000002,-0.30661565
crp__wt_glyc__1,0.1815715448,-0.3523379265,-0.29483978
crp__wt_glyc__2,0.1463935097,-0.3442807895,-0.26687029
crp__delar1_glyc__1,2.5100362026000003,0.7111657395000001,0.12869008
crp__delar1_glyc__2,3.5220458739,0.9175130215,0.08123358
crp__delar1ar2_glyc__1,0.5032642262,0.037484921500000004,-0.03978781
crp__delar1ar2_glyc__2,0.2118653915,0.0076496945,-0.09250152
crp__delar1ar2_glyc__3,0.5747051459,-0.07902189550000001,-0.02866873
crp__delar2_glyc__1,1.5298216485,-0.0344367435,0.23935111
crp__delar2_glyc__2,1.4936074979,-0.0375224055,0.08016228
crp__delar2_glyc__3,1.4813126052,-0.0885141125,0.0555708
crp__delcrp_fru__1,-0.2509004233,0.6161261225,-0.40847084
crp__delcrp_fru__2,-0.4707596975,0.5875629305,-0.43283973000000003
crp__delcrp_fru__3,-0.32223619810000004,0.5785308675,-0.42214575
crp__delcrp_glc__1,-0.7551902891000001,0.6834815625,-0.37599616
crp__delcrp_glc__2,-0.6210665534,0.5490799805000001,-0.33779719
crp__delcrp_glc__3,-0.8033528336,0.5154435675,-0.31697267
crp__delcrp_glyc__1,1.3819075882,0.29652398550000003,-0.24442594
crp__delcrp_glyc__2,0.9472519896,0.4193187715,-0.40478448
crp__delcrp_glyc__3,0.28021759900000004,0.3970715515,-0.24804841
glu__glu_ale3__1,2.3255237589,1.3997430395000001,-0.25690686
glu__glu_ale4__1,2.5831959293,0.010458888500000001,-0.028286199999999997
glu__glu_ale5__1,2.5416960711,-0.3500366935,-0.32551995
glu__glu_ale6__1,1.8378320592000001,-0.6457246695000001,-0.46284116000000003
glu__glu_ale8__1,2.0294036497,0.9089740975,-0.30673697
glu__glu_ale9__1,1.3568960116,0.45810523150000004,-0.13352759
glu__glu_ale10__1,2.3226484952,1.0753171585,-0.44090492000000003
42c__wt_42c__1,-0.8987185017,0.2202389375,-0.18141898
42c__42c_ale1__1,1.3156224042,0.1667071195,0.02694655
42c__42c_ale2__1,2.0453649101,0.5734081975,-0.10089377000000001
42c__42c_ale3__1,1.0321438596,0.24756859250000002,-0.45554957
42c__42c_ale4__1,2.8192812499,1.1085452125,-0.17557376
42c__42c_ale5__1,1.2440907924,-0.2478266405,-0.34553532000000003
42c__42c_ale6__1,-0.5774564657,0.6028873855,-1.106744179
42c__42c_ale8__1,2.8077652441,1.4043876015,-0.45454868
42c__42c_ale9__1,0.6138739021,-0.1583267885,-0.28569004
42c__42c_ale10__1,2.3844263841,1.3246792115,-0.27727535000000003
ssw__wt_ac__1,0.8676490119,0.6814079725000001,-1.123708629
ssw__wt_glc__1,-0.35786087780000003,-0.4122422075,-0.32933045
ssw__wt_glyc__1,2.9663314352,0.1915209275,-2.208593492
ssw__wt_xyl__1,2.3542433711,0.2164462885,-1.22288826
ssw__glc_ale1__1,8.2092411454,0.4299451945,-0.26204188
ssw__glc_ale2__1,2.8595228431,0.1497704605,0.08305934
ssw__glc_ale3__1,0.8425940281000001,-0.2841493235,-0.28219376
ssw__glyc_ale1__1,7.296203281,-0.0858485295,-0.5586294470000001
ssw__glyc_ale2__1,1.2227510079,-0.2287460765,-0.01839781
ssw__xyl_ale1__1,3.4761536438,0.3266436305,-0.788568907
ssw__xyl_ale2__1,3.558710275,0.5253024995,-0.504243603
ssw__xyl_ale3__1,4.0445775363,-0.3186755115,-0.4955059
ssw__glc_ac_ac2__1,2.135443312,-0.9509524925,-0.781212087
ssw__glc_ac_glc1__1,2.6599905056,-0.30792529550000003,-1.081478057
ssw__glc_glyc_glc__1,2.6542533188,0.6274494255,-0.5697957290000001
ssw__glc_glyc_glyc__1,4.6212350344,0.34226794450000003,-0.560090508
ssw__glc_xyl_glc__1,2.0114514981,0.3337790035,-0.8671927960000001
ssw__glc_xyl_xyl__1,3.7020006469,-0.7243945945,-0.38103017
ica__wt_glc__1,0.6820091834,-1.1448341925,0.06347384
ica__wt_glc__2,0.6966006478,-1.1951906815,0.00921479
ica__wt_glc__3,2.1657548529,-0.5187241555000001,-0.15474256
ica__wt_glc__4,3.0900360583,-0.5721339635,0.17742326
ica__arg_sbt__1,-0.1665679665,-0.5761741015,0.25443381
ica__arg_sbt__2,0.3808752795,-0.5873045575,0.40943524000000003
ica__cytd_rib__1,1.1480267641,0.2242779745,-0.43020659
ica__cytd_rib__2,0.49630526610000003,0.1276066325,-0.6894574240000001
ica__gth__1,2.1585820149,0.6780507905000001,-1.38914273
ica__gth__2,2.4996715393,0.6610818445000001,-1.728700302
ica__leu_glcr__1,0.12972810040000002,-1.0476407515,0.49080945000000004
ica__leu_glcr__2,0.2102725026,-1.1170701025,0.42829762
ica__met_glc__1,1.5617050745,-1.0971552115,0.03236606
ica__met_glc__2,1.2890553276,-1.1991852355,0.00803655
ica__no3_anaero__1,1.4767142897,-0.2452488395,0.28264288
ica__no3_anaero__2,1.6632973498,-0.32349660350000004,0.32083455
ica__phe_acgam__1,1.7447027565000002,-0.6682372665,0.058785
ica__phe_acgam__2,1.1987990002,-0.7379192615,-0.00912936
ica__thm_gal__1,0.6218192841,-0.4516317225,-0.0365714
ica__thm_gal__2,0.24156969350000002,-0.3829641795,-0.08693455
ica__tyr_glcn__1,1.6268869833,-0.7744721335,-0.02905121
ica__tyr_glcn__2,1.1225566076,-0.7154407825,0.059710030000000004
ica__ura_pyr__1,1.9039942828,-0.6706693985000001,-0.08445652000000001
ica__ura_pyr__2,1.5111480964,-0.3480525755,-0.30024594
ica__wt_glc__5,1.766949076,-0.5603702635,0.27143482
ica__wt_glc__6,1.7124709141999999,-0.40812139150000004,0.30022169
ica__bw_delpurR_cytd__1,2.22697414,-0.7229277925,0.10733268
ica__bw_delpurR_cytd__2,3.7557749267,-0.0500284635,0.48952253
ica__ade_glc__1,3.8344235032,-0.10802515650000001,0.46172305
ica__ade_glc__2,2.2129681615,-0.7658928225,0.15487786
ytf__wt_glc__1,2.0529227261,-0.20927914350000001,-0.17537371000000002
ytf__wt_glc__2,3.6041727081,0.0753910265,-0.07718896
ytf__delyafC__1,1.5974296722,0.1521979125,-0.0800705
ytf__delyafC__2,1.6447715155,0.12675511450000002,-0.1430551
ytf__delyeiE__1,0.015648687300000002,-0.4431865575,-0.29998502
ytf__delyeiE__2,0.475331467,-0.6048669295,-0.26181165
ytf__delyiaJ__1,1.27103355,-0.25601179350000003,0.24298552
ytf__delyiaJ__2,1.6582414032,0.0385824385,0.35132101
ytf__delyieP__1,3.0356496215,0.3090155975,-0.20330401
ytf__delyieP__2,3.1971962061,0.6916859365,-0.29169976000000003
ytf__wt_ph5__1,0.9272489555000001,-0.5429303695000001,-0.08912223
ytf__wt_ph5__2,1.1327766354,-0.3957367305,-0.01004875
ytf__wt_ph8__1,2.218237509,-0.19940039750000002,-0.02918246
ytf__wt_ph8__2,1.9481323818,-0.0321801145,-0.11547148
ytf__delybaO__1,2.0211788256,0.005131264500000001,0.17370274
ytf__delybaO__2,2.5664112082,0.0686367455,-0.21776249
ytf__delybaQ__1,2.1660450902,-0.3593675195,-0.07307209
ytf__delybaQ__2,2.4748766285,-0.22417048550000002,-0.03263652
ytf__delybiH__1,2.2969534122,0.6223138395000001,-0.05516978
ytf__delybiH__2,3.8873575657,0.8691073185,-0.37959796
ytf__delydcI_ph5__1,0.6998858071,-0.7436486065,-0.17940493
ytf__delydcI_ph5__2,0.9965522015,-0.6829473915000001,-0.1263042
ytf__delydcI_ph8__1,3.3777380519,-0.050257248500000004,-0.0622388
ytf__delydcI_ph8__2,3.0701307488,-0.2250787495,-0.06653646
ytf__delyddM__1,0.6466073955,-0.0058948145000000006,-0.1669341
ytf__delyddM__2,0.2011304112,-0.0112600015,-0.17797947
ytf__delyheO__1,1.6324283794999999,0.1653627735,0.31964699
ytf__delyheO__2,2.2511013478,0.24700942850000002,-0.11753828000000001
fps__bw_glc__1,2.1287651068,-0.5405613865000001,0.07226071
fps__bw_glc__2,1.9707506526,-0.3429133455,0.06248798
fps__fps_thrA_ale1__1,1.7962491630000001,-0.1472699425,-0.02970654
fps__fps_thrA_ale1__2,1.2350653858,-0.3424955535,-0.06966261
fps__fps_thrA_ale2__1,2.025074648,-0.6185592895,-0.31138188
fps__fps_thrA_ale2__2,1.8142101260999999,-0.5940167505,-0.23852831
fps__fps_serB_ale1__1,0.90774003,-0.3518656805,0.09487494
fps__fps_serB_ale1__2,0.7540637193,-0.46483947550000004,0.11269868
fps__fps_serB_ale4__1,0.8270492733,-0.3926770075,-0.6702027690000001
fps__fps_serB_ale4__2,1.3714594093999999,-0.5053868185,-0.8400275580000001
fps__fps_ptsI_ale1__1,2.7314807828000003,-0.35002181250000003,-0.20800443000000002
fps__fps_ptsI_ale1__2,2.2708326861,-0.4139357605,-0.17410899
fps__fps_ptsI_ale3__1,2.988658062,-0.5294469075,-0.29801178
fps__fps_ptsI_ale3__2,3.1996089757,-0.4680353615,-0.27174836
pal__lyx_ale2_f6__1,1.2940813934,0.051469558500000005,-0.38475493
pal__lyx_ale2__1,2.6151646304,0.0674452415,-0.03855089
pal__lyx_ale2__2,1.7306296615,0.08714155750000001,0.01776822
pal__lyx_ale4__1,2.0632590951,-0.4784504425,-0.28835679000000003
pal__lyx_ale4__2,1.830794947,-0.4380573615,-0.39857271
pal__5drib_ale10_f18__1,6.6865538281,-0.2316383475,-0.637938282
pal__5drib_ale10_f18__2,6.5022762169,-0.2773723025,-0.7121514
pal__5drib_ale10__1,6.2474277061,-0.2189687595,-0.13741472
pal__arab_ale14_f9__1,2.8675548446,0.19614101550000002,-0.551283626
pal__arab_ale14_f9__2,2.608786392,0.0651578245,-0.58050524
pal__arab_ale14__1,2.4835535166,-0.8013487015,-0.29434625000000003
pal__arab_ale14__2,2.343607374,-0.6563447275000001,-0.19569644
pal__arab_ale16__1,2.8180763028999998,-0.34256291450000004,-0.26436319
pal__arab_ale16__2,4.4167935254,0.1086596885,-0.18312684
pal__tartr_ale26_f10__1,1.9225148908,-0.0668097195,-0.614576156
pal__tartr_ale26_f10__2,2.3791005622,0.0563631485,-0.7606980680000001
pal__tartr_ale26__1,1.9517045444,-0.3360581865,-0.5587764740000001
pal__tartr_ale26__2,0.5943324999,-0.2545395265,-0.6404226040000001
pal__tartr_ale28_f10__1,2.7480460222,0.8141447865,-0.671023727
pal__tartr_ale28_f10__2,2.2723129296,0.8269981385,-0.683802274
pal__tartr_ale28__1,2.4639875938999998,-0.28123345450000004,-0.18615218
pal__tartr_ale28__2,2.8747894402,0.0170186615,-0.11331335000000001
efeU__delmenFentC_citr__1,0.9398459085,-0.36826329150000003,0.09720816
efeU__delmenFentC_citr__2,1.0243966926,0.058095679500000004,0.19116583
efeU__delmenFentC__1,1.2365126786,-0.1257065205,-0.26105259000000003
efeU__delmenFentC__2,0.7144038445,-0.1327203545,-0.22935575
efeU__menFentC_ale39__1,1.8333200907,0.5973421875,0.10194157
efeU__menFentC_ale39__2,1.6133084888,0.3828632795,0.11070787
efeU__menFentC_ale29__1,2.859341506,0.4922053745,0.12408899
efeU__menFentC_ale29__2,2.4999543063000003,0.3372232235,0.04517944
efeU__menFentC_ale30__1,3.1897987529,-0.3317702395,0.05430786
efeU__menFentC_ale30__2,2.263997562,-0.2121393215,0.12852993000000001
efeU__menFentCubiC_ale36__1,0.6845925688000001,0.0258162795,0.24063004000000002
efeU__menFentCubiC_ale36__2,0.5947606728,-0.0924778955,0.21198176
efeU__menFentCubiC_ale37__1,1.3316311621999999,-0.3630987355,0.16018778
efeU__menFentCubiC_ale37__2,1.4236297003,-0.3033655635,0.09342974
efeU__menFentCubiC_ale38__1,1.7670818844,-0.5602763285,-0.26808569
efeU__menFentCubiC_ale38__2,1.6329307374000002,-0.3607347045,-0.15292358
misc2__salc_glc__1,2.2959474676,0.4128122835,-0.17273662
misc2__salc_glc__2,2.1083158031,0.9787452195,-0.30427998
misc2__dbcn_glc__1,4.7091865807,-0.1929672945,-0.963906997
misc2__dbcn_glc__2,4.5205671919,-0.0056567905,-0.729987248
misc2__tyr_glc__1,1.5647999117,-0.2603373695,0.35550835000000003
misc2__tyr_glc__2,1.3473447268,-0.23027564250000002,0.37793925
misc2__arg_cytd__1,1.8020931591,-0.5453135375,-0.08162854
misc2__arg_cytd__2,2.001297939,-0.5060487435000001,-0.026731460000000002
misc2__delyheO_pyr__1,1.2693996143000001,0.0292864075,-0.16229624
misc2__delyheO_pyr__2,1.6810802898000001,0.0145126735,-0.18057665
nquinone__delubiC__1,1.6421225974,-0.4704500325,0.51154067
nquinone__delubiC__2,1.9093826618,-0.5350459245,0.46337016000000003
nquinone__ubiC_ale1__1,1.3495580347,-0.34031809350000003,0.21381844
nquinone__ubiC_ale1__2,1.1618002121,-0.5809037865000001,0.07591557
nquinone__ubiC_ale2__1,1.5875382219,-0.2485338095,0.04561992
nquinone__ubiC_ale2__2,1.2756898687,-0.10779143050000001,0.05912618
nquinone__ubiC_ale3__1,0.9472167958000001,-0.7498959495,0.00533065
nquinone__ubiC_ale3__2,1.1032070247,-0.7121240775000001,-0.02938775
nquinone__ubiC_ale4__1,1.2635357699,-0.2811750135,-0.01176607
nquinone__ubiC_ale4__2,1.2488320179,-0.4321075575,-0.09053855
nquinone__delpdhR__1,2.6353219036,-0.7334631535,-0.03138267
nquinone__delpdhR__2,2.6125822017,-0.9317624275,-0.04183174
quinone__glu_ale4__1,1.6346993944000001,-0.7460329465000001,0.33323196
quinone__glu_ale4__2,1.9938453881,-0.1019584405,0.45691446
quinone__delmenF__1,1.4922664737,-0.26649166750000003,0.25037611
quinone__delmenF__2,1.8220473441,-0.2051467405,0.0773232
quinone__menF_ale5__1,2.2453731477,0.44710724550000003,0.27674044000000003
quinone__menF_ale5__2,1.588739693,0.5678297165,0.11631183
quinone__menF_ale6__1,1.4037424648,0.23115325750000001,0.0553896
quinone__menF_ale6__2,1.3079282832999999,0.2112794995,0.03072981
quinone__menF_ale7__1,1.5078630387,0.0475528775,0.13318965
quinone__menF_ale7__2,0.9617193747,0.0259653795,0.08433547
quinone__menF_ale8__1,1.6954991124,0.058696131500000005,0.06602767
quinone__menF_ale8__2,2.2011600914000002,0.2746366615,0.06603256
quinone__delmenFubiC__1,0.9662610982000001,-0.2862369105,0.20875959
quinone__delmenFubiC__2,1.4349770224,-0.2858282445,0.22473191
quinone__menFubiC_ale1__1,0.6863915103,-0.4769478835,0.09737311
quinone__menFubiC_ale1__2,0.5919458268000001,-0.6616936705,0.07873335000000001
quinone__menFubiC_ale2__1,0.4848086176,-0.6049460155,-0.17023841
quinone__menFubiC_ale2__2,-0.3757031578,-0.5433035485000001,-0.12017589999999999
quinone__menFubiC_ale3__1,1.6518206849000001,-0.5234052325,0.08325838
quinone__menFubiC_ale3__2,2.0538089435,-0.5427756675000001,0.01536032
quinone__menFubiC_ale4__1,1.7554906794,0.7188081085,0.33563127
quinone__menFubiC_ale4__2,2.088203284,0.9977936595,0.3669557
oxyR__wt_glc__1,1.7447456356000002,-0.7512837785,0.1244222
oxyR__wt_glc__2,1.7909571861,-0.7101771305,0.10579559000000001
oxyR__wt_h2o2__1,2.1341670158,-0.5683435605,0.03817485
oxyR__wt_h2o2__2,1.5865777394,-0.2827224405,0.07670667
oxyR__glu_ale4__1,0.7855124731,-0.0366722465,0.44391536000000004
oxyR__glu_ale4__2,0.4714492757,-0.3519155655,0.26528858
oxyR__glu_ale4_h2o2__1,1.7875307985000002,-0.0071797125,0.39307759000000003
oxyR__glu_ale4_h2o2__2,1.6883842813,-0.2161294265,0.48729608
oxyR__oxyR_ale17__1,1.1006761123,-0.4348685195,0.48082097
oxyR__oxyR_ale17__2,0.605867484,-0.34402401650000003,0.52501042
oxyR__oxyR_ale17_h2o2__1,0.8238951449,-0.23698014250000002,0.2120538
oxyR__oxyR_ale17_h2o2__2,0.7045645492,-0.3445940865,0.28869409
oxyR__oxyR_ale18__1,1.2192551905,-0.8938607675,-0.03178388
oxyR__oxyR_ale18__2,1.4315127268,-0.8668922715,0.14208676
oxyR__oxyR_ale18_h2o2__1,1.1733065112,-0.8557770815,0.29004413
oxyR__oxyR_ale18_h2o2__2,0.7076083115,-0.6929525495000001,0.22931725
oxyR__oxyR_ale19__1,1.7959341154000001,-0.7931730185,0.058007199999999995
oxyR__oxyR_ale19__2,1.6907735009,-0.6889610565000001,0.10202989999999999
oxyR__oxyR_ale19_h2o2__1,1.7042303201,-0.9750368925,-0.03982716
oxyR__oxyR_ale19_h2o2__2,1.726476421,-0.9088275445,0.01314232
oxyR__oxyR_ale20__1,0.6267116256,-1.0455794475,0.41260815
oxyR__oxyR_ale20__2,1.0152423871,-1.0104877495,0.28171779
oxyR__oxyR_ale20_h2o2__1,0.4837168484,-0.7813307305,0.28986345
oxyR__oxyR_ale20_h2o2__2,0.4746931951,-0.7838995525,0.30855238
svns_pgi__BmePgi24_15__1,1.8043017755,-0.4750295235,0.34940393000000003
svns_pgi__BmePgi24_15__2,1.9404846524,-0.4906664375,0.2045978
svns_pgi__BmePgi24_26__1,2.3502721369,-0.4512936635,0.35848346000000003
svns_pgi__BmePgi24_26__2,2.7602271367,-0.33195390950000003,0.50684359
svns_pgi__BmePgi24_41__1,1.7261773133,0.3308000675,-0.16785485
svns_pgi__BmePgi24_41__2,2.8101701897,-0.3494936195,0.20122215000000002
svns_pgi__BmePgi24_52__1,2.0950464244,-0.3703171175,0.42471604
svns_pgi__BmePgi24_52__2,2.4671361797,-0.4479818345,0.37638763000000003
svns_pgi__PaePgi2_34__1,1.2297734387,-0.43180093350000004,0.21257669999999998
svns_pgi__PaePgi2_34__2,1.5073716990000001,-0.4806968455,0.27375419
svns_pgi__PaePgi2_63__1,1.9236869644,-0.3098935075,0.4458261
svns_pgi__PaePgi2_63__2,1.8193614253,-0.2263516385,0.41603942
svns_pgi__PaePgi24_54__1,1.2512042541000001,-0.4056025895,0.55815454
svns_pgi__PaePgi24_54__2,1.4152242725,-0.3546399045,0.62799598
svns_pgi__PaePgi24_90__1,2.0505278985,-0.2331813885,0.79791422
svns_pgi__PaePgi24_90__2,2.5631356449,-0.1097040945,0.95693476
abx_media__m9_ctrl__1,0.1976256297,0.2848135905,-0.25888674
abx_media__m9_ctrl__2,0.1935015511,0.3887707365,-0.03890048
abx_media__rpmi_ctrl__1,4.3081441779,0.0631856885,-3.008981241
abx_media__rpmi_ctrl__2,3.5784610116,0.17561619650000002,-3.04641655
abx_media__camhb_ctrl__1,1.7610655229,-0.5410990225,-2.751771626
abx_media__camhb_ctrl__2,2.1272597289,-0.7753339875,-2.736818597
abx_media__m9_mero__1,1.2188172213,0.5738074115,-0.16459738000000002
abx_media__m9_mero__2,0.0036440566000000003,0.0736215835,-0.37902998
abx_media__rpmi_mero__1,3.1390509023,0.0737419035,-3.331796678
abx_media__rpmi_mero__2,3.5479553532,0.10788030350000001,-2.924358988
abx_media__camhb_mero__1,1.7674340585000001,-0.9930330725000001,-3.234400994
abx_media__camhb_mero__2,1.6401859027999999,-0.8797283375,-3.187440226
abx_media__m9_trisulf__1,0.2509160609,0.6593674475,-0.605157371
abx_media__m9_trisulf__2,1.4290620145,0.5512718085,-0.515767543
abx_media__rpmi_trisulf__1,3.7727221907,0.6723811835,-2.036743429
abx_media__rpmi_trisulf__2,3.4882167490000002,0.6744679705000001,-2.167946797
abx_media__camhb_trisulf__1,3.3311142961,1.1603164305,-2.415466852
abx_media__camhb_trisulf__2,3.0826771165,1.0455507605,-2.494355515
abx_media__m9_cef__1,1.2617130965,0.5502543785,-0.39921219999999996
abx_media__m9_cef__2,0.6120379418,0.4557828675,-0.596111169
abx_media__rpmi_cef__1,4.4857790019,1.6867676375,-2.613070847
abx_media__rpmi_cef__2,4.6824489308,1.7932651775,-2.593732105
abx_media__camhb_cef__1,2.1510691785000002,0.08030211250000001,-2.286276152
abx_media__camhb_cef__2,1.3230029436000001,0.0372246235,-2.3223952150000002
abx_media__m9_cipro__1,-0.1284574254,1.1022813395,-0.7110936320000001
abx_media__m9_cipro__2,0.19131541430000001,1.3646881765,-0.74030853
abx_media__rpmi_cipro__1,5.1937415305,1.5996977075,-2.247825273
abx_media__rpmi_cipro__2,4.9797051588,1.9360822375,-2.085224962
abx_media__camhb_cipro__1,2.6957366318,0.1861199225,-2.625730985
abx_media__camhb_cipro__2,3.1417858452,0.42501084850000004,-2.53850969
hot_tale__42c_ale3_30c__1,2.0750816958,-0.9253251305,0.05014264
hot_tale__42c_ale3_30c__2,1.1880038145,-0.9381797835000001,0.15686469
hot_tale__42c_ale3_37c__1,2.3051220311,-0.9572127435000001,0.34877371
hot_tale__42c_ale3_37c__2,2.3459984851,-0.8799391355,0.27855391
hot_tale__42c_ale3_44c__1,3.7200731413,1.6183332075,-0.14284623
hot_tale__42c_ale3_44c__2,3.7463770243,1.7373481575,-0.28906252
hot_tale__hot_ale3_mid_30c__1,1.9016461205000001,-1.1310384135,0.41202515
hot_tale__hot_ale3_mid_30c__2,1.3517395998000001,-1.0590336935,0.31564227
hot_tale__hot_ale3_mid_37c__1,3.6186493323,-1.0274100185,0.41067581000000003
hot_tale__hot_ale3_mid_37c__2,3.1372415744,-0.6749308455,0.5526681
hot_tale__hot_ale3_mid_44c__1,3.5587738437,0.5997391555,0.28582806
hot_tale__hot_ale3_mid_44c__2,4.6727145766,0.9685934125000001,0.31464813
hot_tale__hot_ale3_30c__1,1.414673834,-1.2132297245,0.48185567
hot_tale__hot_ale3_30c__2,1.0051154304,-1.1372315935,0.41281159
hot_tale__hot_ale3_37c__1,2.3746730692,-0.6882437415,0.36526211000000003
hot_tale__hot_ale3_37c__2,2.7179303146000002,-0.5833441905,0.31662597000000003
hot_tale__hot_ale3_44c__1,5.8363487528,0.9841707145,0.19396614
hot_tale__hot_ale3_44c__2,5.5318608635,0.9396353285000001,-0.02294698
hot_tale__hot_ale4_30c__1,2.4201763057,-1.0966008595,0.37995049999999997
hot_tale__hot_ale4_30c__2,2.2994547659,-0.9967830905,0.39448269999999996
hot_tale__hot_ale4_37c__1,3.2189169098,-0.5972070635,0.42355381000000003
hot_tale__hot_ale4_37c__2,3.2546773877,-0.4969261515,0.40527485
hot_tale__hot_ale4_44c__1,1.330083705,0.42098510250000004,0.1537477
hot_tale__hot_ale4_44c__2,5.1990611579,0.8722934835,0.22744643
hot_tale__hot_ale8_30c__1,3.0278283242,-0.8498550075,0.43443466000000003
hot_tale__hot_ale8_30c__2,3.2591171946,-0.7203092875,0.33584919999999996
hot_tale__hot_ale8_37c__1,4.0748836953,-0.37110204550000003,0.44365641
hot_tale__hot_ale8_37c__2,4.1757661507,-0.2858735525,0.44066302
hot_tale__hot_ale8_44c__1,5.5741873895000005,1.2274293125,0.11084082
hot_tale__hot_ale8_44c__2,4.4929170681,0.8898423945,0.10588531
hot_tale__hot_ale9_mid_30c__1,1.7772075712,-1.2667098015,0.29849836
hot_tale__hot_ale9_mid_30c__2,1.9535253214,-1.1445094955,0.13746951
hot_tale__hot_ale9_30c__1,2.2371982981,-1.0497338265,0.4141574
hot_tale__hot_ale9_30c__2,2.2908015681,-1.1532032085,0.43353771
hot_tale__hot_ale9_mid_37c__1,3.2188181262,-0.7406188545,0.45833565
hot_tale__hot_ale9_mid_37c__2,3.4182998558,-0.7191632325,0.50656561
hot_tale__hot_ale9_37c__1,3.2815308354,-0.7491845785,0.39724289999999995
hot_tale__hot_ale9_37c__2,3.6664869725,-0.7769771195,0.4677558
hot_tale__hot_ale9_mid_44c__1,3.459254107,0.5888609375,0.08368034
hot_tale__hot_ale9_mid_44c__2,5.3918630029,1.4499708315,0.15465289999999998
hot_tale__hot_ale9_44c__1,3.9312858676999998,0.4047864675,0.11105173
hot_tale__hot_ale9_44c__2,4.9400917289,0.7823945525,0.18776469999999998
hot_tale__hot_ale10_30c__1,1.5342241042,-0.9974277975,0.47269569
hot_tale__hot_ale10_30c__2,1.5293073519,-1.1494516895,0.59365433
hot_tale__hot_ale10_37c__1,3.1926375284,-0.8260639725000001,0.52078546
hot_tale__hot_ale10_37c__2,3.5850953667,-0.8032777445,0.56391793
hot_tale__hot_ale10_44c__1,6.196588162,0.8947680815,0.31709692
hot_tale__hot_ale10_44c__2,5.5111093734,1.0152329395,0.30863949
hot_tale__hot_ale16_30c__1,1.0482620224,-1.3342842445,0.8334462300000001
hot_tale__hot_ale16_30c__2,1.0665679966,-1.2740653705,0.81370077
hot_tale__hot_ale16_37c__1,2.7845155636000003,-0.8199651085,0.85162552
hot_tale__hot_ale16_37c__2,2.520398015,-0.8953895255000001,0.77139532
hot_tale__hot_ale16_44c__1,4.7181161858,0.6478668875,0.46144914000000004
hot_tale__hot_ale16_44c__2,4.6774109942,0.8099206345000001,0.53650105
pdhr_ale__pdhR-13_51__1,1.4094389093,-0.48924746550000003,0.08376888
pdhr_ale__pdhR-13_51__2,1.2982542,-0.42656210250000004,0.14463306
pdhr_ale__pdhR-14_46__1,0.7012377063,-0.0427401465,0.10451665
pdhr_ale__pdhR-14_46__2,0.6479481246000001,-0.058807803500000005,0.00852152
pdhr_ale__pdhR-15_51__1,1.4696634508,-0.5473526965000001,0.18249855
pdhr_ale__pdhR-15_51__2,1.3975040115000001,-0.4440652585,0.10697757000000001
pdhr_ale__pdhR-16_49__1,0.7477882683,-0.1783320725,-0.06547885
pdhr_ale__pdhR-16_49__2,0.7808793304,0.1323090535,-0.53392248
tcs__del_atoC_LiAcet__1,0.9612860990000001,0.25303703450000004,-0.5347566690000001
tcs__del_atoC_LiAcet__2,1.3520566575,0.43837983550000004,-0.54468292
tcs__del_atoC_LiCl__1,1.0390849656,0.3391483355,-0.553062303
tcs__del_atoC_LiCl__2,1.108429075,0.4376426345,-0.510319517
tcs__del_atoC_m9__1,0.6798199485,-0.1746453185,-0.44218531
tcs__del_atoC_m9__2,1.0827962627,-0.0589881795,-0.45890421000000003
tcs__del_baeR_etoh__1,3.7288632021,0.2601187115,-1.665239565
tcs__del_baeR_etoh__2,3.5930393449,0.3020104965,-1.818222277
tcs__del_baeR_lb__1,-0.2357694471,-0.2311823955,-1.250426864
tcs__del_baeR_lb__2,0.20021845630000001,-0.2391810955,-1.202072489
tcs__del_btsR_01xlb__1,2.2310049835,-0.2434794525,-2.185871754
tcs__del_btsR_01xlb__2,2.5143430522,-0.34560980950000003,-2.153580509
tcs__del_btsR_lb__1,1.6778201689,0.3132514525,-0.628678901
tcs__del_btsR_lb__2,2.0345077816,0.31267038550000004,-0.6334947940000001
tcs__del_btsR_pyruvate__1,2.3895792053,-0.053953179500000004,-2.381830486
tcs__del_btsR_pyruvate__2,2.56425903,-0.1811599435,-2.47801961
tcs__del_cpxR_etoh__1,4.8498724573,0.4250970475,-1.7014559340000002
tcs__del_cpxR_etoh__2,4.6331008543,0.4382914875,-1.732787777
tcs__del_cpxR_lb__1,0.7648718071,-0.34859210150000003,-1.5977228760000002
tcs__del_cpxR_lb__2,0.8569490383,-0.1702965145,-1.5849388420000001
tcs__del_cusR_CuSO4__1,2.3991646599,0.7440647205,-0.935360497
tcs__del_cusR_CuSO4__2,2.4432767485,0.7127932175,-0.9537663660000001
tcs__del_cusR_lb__1,0.1110628619,0.0511899205,-0.8746138210000001
tcs__del_cusR_lb__2,-0.12136762820000001,-0.0630938435,-0.800381644
tcs__del_kdpE_01-kcl__1,0.9959266487,0.23408861250000002,-0.6366868360000001
tcs__del_kdpE_01-kcl__2,1.1317652553,0.23984990650000002,-0.5992906880000001
tcs__del_kdpE_115-kcl__1,-0.25464577920000003,-0.4685537735,0.43902568000000003
tcs__del_kdpE_115-kcl__2,0.3596107415,-0.3418096175,0.41019906
tcs__del_phoB_m9__1,0.7005397294,0.2376275035,-0.07928616000000001
tcs__del_phoB_m9__2,0.8721896671,0.1746127815,-0.20454914
tcs__del_phoB_m9p__1,13.7792703456,4.1378363775,-2.298169478
tcs__del_phoB_m9p__2,14.0696555417,4.1537368575,-2.297755931
tcs__del_rcsB_etoh__1,5.5163860052,1.5005516075,-1.187113138
tcs__del_rcsB_etoh__2,5.2080704131,1.5414115575,-1.208269057
tcs__del_rcsB_lb__1,-0.6821209721,0.0150811425,-1.672601137
tcs__del_rcsB_lb__2,-0.2045594537,-0.0491372465,-1.5933066089999999
tcs__del_zraR_lb__1,9.2557724033,0.3788348995,-0.35542659
tcs__del_zraR_lb__2,8.8188485828,0.3785833235,-0.35719236
tcs__del_zraR_zncl2__1,4.4256604011,0.7556749785,-0.44954975
tcs__del_zraR_zncl2__2,4.1283127389,0.7550031115,-0.546843076
tcs__wt_01-kcl__1,0.4226724235,0.2981596235,-1.386791921
tcs__wt_01-kcl__2,0.039392603000000005,0.1335727625,-1.326752544
tcs__wt_01xlb__1,2.8225180476,-0.1866187665,-2.149374439
tcs__wt_01xlb__2,3.0517602909,-0.2830876805,-2.170666885
tcs__wt_115-kcl__1,0.1869120589,-0.3719340625,0.28228039
tcs__wt_115-kcl__2,-0.007056220100000001,-0.41590390250000003,0.22740423
tcs__wt_CuSO4__1,1.7327117239,0.0303806925,-0.910065081
tcs__wt_CuSO4__2,1.8047506754,0.026511687500000002,-0.9454840790000001
tcs__wt_etoh__1,3.2270217107,1.5562596275,-0.8766881620000001
tcs__wt_etoh__2,3.3429071965,1.5617823675,-0.872067922
tcs__wt_lb__1,0.9511975098000001,0.3378133525,-1.338154381
tcs__wt_lb__2,0.8759070039,0.3869630665,-1.27289673
tcs__wt_LiAcet__1,1.2844024545,0.2475938635,-0.41075282
tcs__wt_LiAcet__2,1.3396031688,0.4856714535,-0.44553304
tcs__wt_LiCl__1,1.2694281007,0.3227630065,-0.33785343
tcs__wt_LiCl__2,1.3655607379,0.3790818285,-0.38782241
tcs__wt_m9p__1,13.1229459277,3.9164834375,-2.095898211
tcs__wt_m9p__2,12.7565854114,3.9529697275,-2.000366423
tcs__wt_pyr__1,2.5363108708,-0.11108665050000001,-2.159298476
tcs__wt_pyr__2,2.2415435389000002,-0.1228898615,-2.150713769
tcs__wt_zncl2__1,7.7188341539,0.7947984345,-0.6820185790000001
tcs__wt_zncl2__2,7.4909525078,0.8548821895000001,-0.6835790350000001
ros_tale__1_112_0pq__1,3.4763476236,0.9769273595,-0.049447399999999996
ros_tale__1_112_0pq__2,2.9677454727,1.0520338545,-0.24208123
ros_tale__1_112_250pq__1,4.1464580781,1.4144272525,-0.596276773
ros_tale__1_112_250pq__2,3.5100755322,1.3030429165,-0.606237278
ros_tale__1_112_750pq__1,3.1806490279,1.6757064475,-0.7501787390000001
ros_tale__1_112_750pq__2,3.2450444833,1.4311859495,-0.6814209360000001
ros_tale__1_112_750pq__3,3.7420551431,1.4900793475,-0.9504560350000001
ros_tale__3_76_0pq__1,3.5525104622,-0.4547914375,-0.2305159
ros_tale__3_76_0pq__2,2.957276029,-0.6377549305,-0.17591846
ros_tale__3_76_0pq__3,3.2663445246,-0.7730936075,-0.2965743
ros_tale__3_76_0pq__4,3.4381469552,-0.8035391575,-0.32117841
ros_tale__3_76_250pq__1,4.929459114,1.4483617625,-0.895111893
ros_tale__3_76_250pq__2,4.6312944663,1.2053331965,-1.737699315
ros_tale__3_76_750pq__1,3.8122077168,1.3279804785,-1.6833376370000002
ros_tale__3_76_750pq__2,3.9181624319,0.9747602315,-2.316047306
ros_tale__7_103_0pq__1,5.310417247,0.9743925955,-0.734570159
ros_tale__7_103_0pq__2,5.2881244597,1.1342847725,-0.761658111
ros_tale__7_103_0pq__3,5.1597092399,1.0820321165,-0.8394056560000001
ros_tale__7_103_0pq__4,5.3231415549,1.1006045145,-0.7554964460000001
ros_tale__7_103_250pq__1,5.4478560189,0.0827085815,-0.808046189
ros_tale__7_103_250pq__2,5.2788171794,0.1232186205,-0.512217975
ros_tale__7_103_750pq__1,5.8273088576,0.2940928465,-0.47461469300000003
ros_tale__7_103_750pq__2,5.1723190644,0.11308815250000001,-0.4357486
ros_tale__9_77_0pq__1,4.4610021467,1.8012496875,-1.494754572
ros_tale__9_77_0pq__2,4.8347285080999995,1.7591056575000001,-1.316425476
ros_tale__9_77_250pq__1,5.6700680205000005,2.6617699575,-1.490609592
ros_tale__9_77_250pq__2,5.4503799041,3.1344563075,-1.471973372
ros_tale__9_77_750pq__1,4.0348558683,2.1399995875,-1.527542005
ros_tale__9_77_750pq__2,5.4007945933,2.2750540075,-1.645324409
ros_tale__11_83_0pq__1,3.8219850798,0.6562772555,-1.678068745
ros_tale__11_83_0pq__2,3.6097312178000003,0.7320586485,-1.718998047
ros_tale__11_83_250pq__1,3.5511089249000003,0.5210909135,-1.8352499290000002
ros_tale__11_83_250pq__2,3.9936896604000003,0.35399722450000004,-1.786663477
ros_tale__11_83_750pq__1,3.8470675304,0.4745598105,-1.72796102
ros_tale__11_83_750pq__2,4.2044884563,0.3901425375,-1.7236913839999999
ros_tale__13_87_0pq__1,2.5978592809,0.2504840135,-1.211982991
ros_tale__13_87_0pq__2,2.8083141197,0.9538469975,-1.3472629839999999
ros_tale__13_87_250pq__1,2.799533914,0.8441140295,-1.33030413
ros_tale__13_87_250pq__2,2.800867691,0.7509069975,-1.254761602
ros_tale__13_87_750pq__1,3.0811947475,0.9952920715,-1.2234490230000001
ros_tale__13_87_750pq__2,3.1573617741,1.0157191285,-1.5154520580000002
ros_tale__14_27_0pq__1,4.0949754443,0.48169127850000004,-0.9081233510000001
ros_tale__14_27_0pq__2,4.124396068,0.46133995850000004,-0.9903019460000001
ros_tale__14_27_250pq__1,3.1971827774,1.1728677555,-0.5167432120000001
ros_tale__14_27_250pq__2,3.2420756631,1.0511519175,-0.5776650170000001
ros_tale__14_27_750pq__1,4.3941725953,1.0712284565,-0.37683329
ros_tale__14_27_750pq__2,5.2526979655,0.8715864925,-0.36824514
ros_tale__16_28_250pq__1,3.1396934915,0.15064125050000002,0.02452012
ros_tale__16_28_250pq__2,3.2069052915,0.1759478945,0.03989264
ros_tale__16_32_0pq__1,4.1668916933,1.3881728885,-0.35072934
ros_tale__16_32_0pq__2,4.4942577744,1.6668295675,-0.43471469999999995
ros_tale__16_32_0pq__3,3.357227568,-0.46453912950000004,-0.18387566
ros_tale__16_32_0pq__4,3.2617704660999998,-0.4127486715,-0.18186948
ros_tale__16_32_250pq__1,2.6393850989,0.6458034625,-0.3310511
ros_tale__16_32_250pq__2,2.6588663364,0.7763894265,-0.28769541
ros_tale__16_32_750pq__1,2.6806743556,1.3907511575,-0.31953937
ros_tale__16_32_750pq__2,2.7741604317,1.5976905875,-0.38048491
ros_tale__17_104_0pq__1,5.6119974682,0.0122565755,-0.5721116110000001
ros_tale__17_104_0pq__2,5.1636450918,-0.1436317165,-0.694359012
ros_tale__17_104_250pq__1,2.3411958829,0.0306854615,-1.247673151
ros_tale__17_104_250pq__2,2.3771392224,0.2349995245,-1.017907423
ros_tale__17_104_250pq__3,1.8755848233,-0.09984968250000001,-1.133742854
ros_tale__17_104_250pq__4,1.6433036591999999,-0.15441197750000002,-1.2309957200000001
ros_tale__17_104_750pq__1,2.6967143242000002,0.033201271500000004,-0.8953110120000001
ros_tale__17_104_750pq__2,3.1843087049,-0.10113105850000001,-0.971223696
ros_tale__18_24_250pq__1,3.1527458861,0.4108058035,0.52490577
ros_tale__18_24_250pq__2,2.8096061246,0.047550035500000004,0.36177099
ros_tale__18_36_0pq__1,4.7076871123,1.3184050434999999,-0.18063335
ros_tale__18_36_0pq__2,4.9960911911,1.2104354315,-0.17650689
ros_tale__18_36_0pq__3,4.5228274391,-0.7997353505,-0.16131298
ros_tale__18_36_0pq__4,3.6460803014,-0.7320201075,-0.01814422
ros_tale__18_36_250pq__1,3.4190654373,0.4154699475,-0.08565903
ros_tale__18_36_250pq__2,3.4400200736,0.3931071635,-0.0522423
ros_tale__18_36_750pq__1,3.7415618888,0.6439955055000001,-1.15562081
ros_tale__18_36_750pq__2,3.4152600284,0.46129043150000004,-1.287140001
ros_tale__19_91_0pq__1,3.3407738771,-0.4046707935,-1.146727265
ros_tale__19_91_0pq__2,2.9610564706,-0.5571103715,-1.042519202
ros_tale__19_91_250pq__1,2.2660246148,0.0217557265,-0.968609127
ros_tale__19_91_250pq__2,1.4032953396,-0.3496905925,-0.9814548620000001
ros_tale__19_91_750pq__1,1.8621775349,-0.2276384165,-0.8692324100000001
ros_tale__19_91_750pq__2,4.4533704312,0.28476859050000003,-1.274923334
ros_tale__19_91_750pq__3,2.225688628,-0.0170878875,-0.39179945
ros_tale__19_91_750pq__4,4.9478493812,-0.0371651505,-0.9349098520000001
ros_tale__21_97_0pq__1,1.775076418,1.4239917645,-0.534779118
ros_tale__21_97_0pq__2,2.8506920921,0.7813463225,-0.663013057
ros_tale__21_97_250pq__1,4.4314770934,0.9673513985000001,-0.953631497
ros_tale__21_97_250pq__2,3.100141728,0.6254963565,-1.310194488
ros_tale__21_97_750pq__1,3.8747384907,1.2097969295,-0.644525101
ros_tale__21_97_750pq__2,3.1739516269,0.6373076885,-1.159417647
ros_tale__25_111_0pq__1,2.5284547081,0.9525092365000001,-0.797058927
ros_tale__25_111_0pq__2,3.2671001887,1.1615869145,-0.664834806
ros_tale__25_111_250pq__1,1.9554746389000002,1.4382616485,-1.455263908
ros_tale__25_111_250pq__2,2.9622375536,1.4495616305,-1.424101167
ros_tale__25_111_750pq__1,3.2637223887999998,1.3312017235,-1.064509031
ros_tale__25_111_750pq__2,2.0722278086,1.0790883505,-1.786087297
ros_tale__29_119_0pq__1,4.788697307,2.0502518375,-0.52355104
ros_tale__29_119_0pq__2,4.8750150638,1.4422316845,-0.5861448850000001
ros_tale__29_119_250pq__1,4.7119475687,1.6104264175,-0.801511481
ros_tale__29_119_250pq__2,5.4341776473,2.0940266175,-1.017915859
ros_tale__29_119_750pq__1,4.6283211146,1.9569648175,-0.8455171930000001
ros_tale__29_119_750pq__2,4.8692978705000005,1.7669209175,-0.9345093310000001
ros_tale__ALE4_0pq__1,2.8555793542,-0.6694757225,0.18244069000000002
ros_tale__ALE4_0pq__2,3.1636236045,-0.6578283835000001,0.18055084
ros_tale__ALE4_250pq__1,2.6178491334,1.2546426175,-0.26686069
ros_tale__ALE4_250pq__2,2.4105327748,1.2533757925,-0.23508251
pcoli__atASMT_325G__1,4.6429311828,0.1070166735,-0.33309309
pcoli__atASMT_325G__2,4.2505772534,0.0413673415,-0.31404305
pcoli__bpTDC__1,11.4764822458,0.5128609375000001,-0.38906226
pcoli__bpTDC__2,11.598897901,0.4631104975,-0.37757788000000003
pcoli__BRCA__1,11.2677805013,0.0550482855,-0.6204219750000001
pcoli__BRCA__2,11.1327791565,-0.0020633685,-0.567258162
pcoli__BRCActrl__1,12.7963015201,0.4769987905,-0.9036069760000001
pcoli__BRCActrl__2,13.6129681569,0.2242236785,-0.991964715
pcoli__BRCAswap__1,9.7001854402,0.25381494450000003,-0.539931876
pcoli__BRCAswap__2,9.0346889852,0.2945534455,-0.557142828
pcoli__btAANAT__1,4.5900555802,0.20002068750000002,-0.523184753
pcoli__btAANAT__2,4.3413407185,0.2366469145,-0.491167487
pcoli__btASMT__1,6.9087495938,0.3098365255,-0.556873489
pcoli__btASMT__2,6.8857815284,0.2155330685,-0.6080028080000001
pcoli__CC1__1,1.9531297197000002,0.5547688875,-0.5638607720000001
pcoli__CC1__2,1.977357225,0.6284077155000001,-0.500341994
pcoli__ccCOMT__1,5.9276262585,0.0640830205,-0.3547546
pcoli__ccCOMT__2,5.8345782501,0.0435855455,-0.35467996
pcoli__ckDDC__1,3.9240403389000003,0.39481468750000004,-0.5368745070000001
pcoli__ckDDC__2,3.8121571432,0.4611418795,-0.621547233
pcoli__CNTF_belt__1,5.2989845694,0.21204474750000002,-0.533150032
pcoli__CNTF_belt__2,5.4832559191,0.5438551605,-0.57321679
pcoli__cobPNMT__1,5.3427902975,0.1381855545,-0.556709336
pcoli__cobPNMT__2,4.5102072589,0.0984035265,-0.534851739
pcoli__cvPhhB__1,3.1042535798,0.0973428195,-0.45095516
pcoli__cvPhhB__2,3.0310168765,0.3290946705,-0.46322673000000003
pcoli__ggAANAT__1,4.9125454659,0.0422551725,-0.38989347
pcoli__ggAANAT__2,5.2236207219,0.0036097315000000003,-0.41520188
pcoli__ggTPH__1,5.3566344682,0.1278346955,-0.42882312
pcoli__ggTPH__2,5.3309745302,0.1524120755,-0.41234329000000003
pcoli__hsAANAT__1,2.4600605357,0.9272430815,-1.237969803
pcoli__hsAANAT__2,2.0336532323,0.8319979305,-0.856101379
pcoli__hsASMT__1,10.3881262763,0.18098553550000002,-0.49375391300000004
pcoli__hsASMT__2,10.971866092700001,0.2674156755,-0.532192863
pcoli__hsPNMT_mb__1,4.2715200591,0.1010204115,-0.486893911
pcoli__hsPNMT_mb__2,3.8840636944,0.0691740065,-0.45430517000000004
pcoli__hsTPH__1,8.0723251749,-0.27598982650000004,-0.6235481620000001
pcoli__hsTPH__2,8.6856035899,0.0337877075,-0.671038401
pcoli__hsTPH_E2K__1,7.324593308,0.7213901925,-0.42704584
pcoli__hsTPH_E2K__2,7.6303502325,0.6351561805,-0.522097425
pcoli__hsTPH_E2K_N91I_P99C__1,8.8771420164,-0.013453936500000001,-0.47675233600000005
pcoli__hsTPH_E2K_N91I_P99C__2,8.8700392897,-0.1250736155,-0.5381758320000001
pcoli__hsTPH_N158trunc__1,8.8400227253,0.6591663365,-0.5880510760000001
pcoli__hsTPH_N158trunc__2,8.8757236538,0.7022808075,-0.6129090460000001
pcoli__hsTPH_N174trunc__1,5.8652565762,0.2927430655,-0.573115208
pcoli__hsTPH_N174trunc__2,8.3015514675,0.6045311195,-0.609840802
pcoli__hsTPH_Ntermtrunc__1,11.3318754945,0.6759584315,-0.9540955630000001
pcoli__hsTPH_Ntermtrunc__2,9.5142229548,0.4681596985,-0.555825946
pcoli__hsTPH1__1,4.5861800108,0.47860016050000004,-0.34490421
pcoli__hsTPH1__2,4.4582475771,0.44671548050000004,-0.40354856
pcoli__MBP__1,2.6533276326,0.0469571055,-0.539284369
pcoli__MBP__2,4.7354211187,0.4672121645,-0.49206625400000004
pcoli__msCOMT__1,11.969084906500001,0.0744420735,-0.2965316
pcoli__msCOMT__2,12.0418126182,0.0546760675,-0.284545
pcoli__ocAANAT__1,4.7460130304,-0.0042318275,-0.523217742
pcoli__ocAANAT__2,4.5387702439,0.0585344515,-0.562198257
pcoli__osTDC_K374H__1,2.9878071645,0.5336267535,-0.34018673
pcoli__osTDC_K374H__2,3.3119746451,0.5668190955,-0.47541122900000005
pcoli__osTDC_K374L__1,10.8194900785,0.33905948950000003,-0.44149245000000004
pcoli__osTDC_K374L__2,11.2020706886,0.45600251150000004,-0.44023075
pcoli__osTDC_K374Q__1,6.9327878515,0.2601315415,-0.49509736200000004
pcoli__osTDC_K374Q__2,6.792095118,0.3164998395,-0.492391607
pcoli__osTDC_L360V__1,9.0525810699,0.0379980165,-0.5312033890000001
pcoli__osTDC_L360V__2,9.9302192754,0.1752673505,-0.559035076
pcoli__pmTPH__1,8.0561929391,-0.1364808595,-0.599916196
pcoli__pmTPH__2,8.774877113,0.2286245335,-0.553098092
pcoli__RFC__1,3.1299733093,0.0155714565,-0.6803729550000001
pcoli__RFC__2,2.9420403244,0.0407942975,-0.680848647
pcoli__RFCctrl__1,1.8088711106000002,0.5469688925,-0.9557635550000001
pcoli__RFCctrl__2,1.3821652464,0.5454760245,-0.912093714
pcoli__RFCnopause__1,1.9854653909,0.6870679905,-1.098924585
pcoli__RFCnopause__2,2.6331425241,0.7975274585000001,-1.211080264
pcoli__RFCpluspause__1,4.2306933192,0.7443063285,-1.2057207220000001
pcoli__RFCpluspause__2,5.1946477053,0.37193547450000003,-1.636227947
pcoli__rnCOMT_sol__1,2.3578151661,0.6680327465,-0.8681744480000001
pcoli__rnCOMT_sol__2,2.1346392691,0.5187625285,-0.9357282760000001
pcoli__rnPNMT__1,11.8760959379,0.27185109150000003,-0.65297958
pcoli__rnPNMT__2,12.3334501084,0.2745223795,-0.640962602
pcoli__rnTDC__1,9.5003940081,-0.020718332500000002,-0.487879638
pcoli__rnTDC__2,9.0923136436,0.0847413655,-0.539464723
pcoli__rnTDC_trunc__1,9.2523130088,0.5450091405,-0.5936338480000001
pcoli__rnTDC_trunc__2,9.1972191471,0.7887305295,-0.630362442
pcoli__saCOMT_T2A__1,6.2915824568,0.020914856500000002,-0.27597319
pcoli__saCOMT_T2A__2,6.1242181271,0.0298849015,-0.34418337
pcoli__sfCOMT__1,5.6535662927,-0.0436904055,-0.69434446
pcoli__sfCOMT__2,5.1160680297,-0.1597805455,-0.751186466
pcoli__sgAANAT_D63G__1,4.1399681251,0.0834109615,-0.42766504
pcoli__sgAANAT_D63G__2,3.9289059989,0.2235316735,-0.39069424
pcoli__ssDDC__1,8.9433856846,0.2211328125,-0.571092402
pcoli__ssDDC__2,9.5286641401,0.37817539650000004,-0.493976599
pcoli__TP53B__1,7.7335786088,0.2658656755,-0.575881917
pcoli__TP53B__2,7.8200185701,0.23233850050000002,-0.645516251
pcoli__WT__1,4.3735463784,0.8548909765,-0.948741217
pcoli__WT__2,4.3224453792,0.6151959075,-1.002601875
cck__glu_ale4__1,3.2722593294,-0.5714363165,-0.13762756
cck__glu_ale4__2,4.0813879432,-0.33964913550000003,-0.12454776000000001
cck__cck_ale1__1,4.1885127465,-0.5407632995,-0.13551547
cck__cck_ale1__2,4.5889684733,-0.5827783505,-0.10928189
cck__cck_ale2__1,4.5248765807,-0.4571928995,-0.22347198000000001
cck__cck_ale2__2,4.7669143027,-0.4810984555,-0.18750564
cck_pgi__gmos_delpgi__1,2.1664156789,0.1876206335,-0.13166879
cck_pgi__gmos_delpgi__2,0.6338863265,0.0491956785,-0.07485542
cck_pgi__pgi_ale1__1,3.2950702445,-0.2945803145,-0.18782103
cck_pgi__pgi_ale1__2,3.8770978766,0.1075978405,-0.028420090000000002
cck_pgi__pgi_ale2__1,3.3749786814,0.3277960265,0.07952112
cck_pgi__pgi_ale3__1,3.6572724966,-0.3541091255,-0.22036707
cck_pgi__pgi_ale3__2,3.326310431,0.0356459235,-0.12285809
cck_pgi__pgi_ale4__1,3.2608665769,-0.3966194375,-0.5055014840000001
cck_pgi__pgi_ale4__2,3.3990393873,-0.24970976250000002,-0.616462458
cck_pgi__pgi_ale4__3,3.186884828,-0.2192232755,-0.61580484
cck_pgi__pgi_ale5__1,4.2181890346,-0.1666855945,0.15524607
cck_pgi__pgi_ale5__2,4.3202373516,-0.0451379515,0.14542259
cck_pgi__pgi_ale6__1,4.1076145626,-0.5663041015,-0.13805556
cck_pgi__pgi_ale6__2,4.0793527829,-0.4570063795,-0.12451112
cck_pgi__pgi_ale7__1,4.4920968525,-0.4453843295,0.060721790000000005
cck_pgi__pgi_ale7__2,4.5536665088,-0.19557240950000002,0.11613279
cck_pgi__pgi_ale8__1,5.3944852883,-0.6577536075,-0.31948313
cck_pgi__pgi_ale8__2,5.2712821973,-0.47568309950000004,-0.38190284
cck_sdh__gmos_delsdhCB__1,1.7916893238,0.5061824825,-0.22482834000000002
cck_sdh__gmos_delsdhCB__2,1.6492964373999999,0.9359231865000001,-0.26339211
cck_sdh__sdh_ale1__1,2.7327495486,-0.0146260525,-0.09003722
cck_sdh__sdh_ale1__2,2.7465928864,-0.0096523825,-0.12107811
cck_sdh__sdh_ale2__1,3.3131235375,-0.1660998525,-0.04652623
cck_sdh__sdh_ale3__1,3.1623788098,-0.10145920750000001,-0.06018581
cck_sdh__sdh_ale3__2,3.1859351358,-0.1674541545,-0.10775732
cck_sdh__sdh_ale3__3,3.0518697426,-0.2010809365,-0.13501735
cck_pts__gmos_delptsHIcrr__1,3.7615578272,0.4201434895,-0.671733718
cck_pts__gmos_delptsHIcrr__2,4.1636807617,-0.1007289125,-0.5891714290000001
cck_pts__pts_ale1__1,2.2707617508,0.034433820500000004,-0.9268589250000001
cck_pts__pts_ale1__2,2.3617169397,-0.1055439975,-0.945195493
cck_pts__pts_ale2__1,5.4956099180999995,-1.1620111235,-0.46955744
cck_pts__pts_ale2__2,5.3565084509,-1.2490060885,-0.35146539
cck_pts__pts_ale3__1,3.6177369142,-0.6162144305,-2.176999619
cck_pts__pts_ale3__2,3.8581666132,-0.6810068815,-1.8324292899999999
cck_pts__pts_ale4__1,5.4279513634,-1.2323520015,-0.30461746
cck_pts__pts_ale4__2,5.5056564553000005,-1.0989374865000001,-0.34058443
cck_gnd__gmos_delgnd__1,2.1020505065,0.2506671075,-0.2697349
cck_gnd__gmos_delgnd__2,2.3164769696,0.5186103885,-0.08336518
cck_gnd__gnd_ale1__1,4.1299392875,-0.6220452955,-0.33102192
cck_gnd__gnd_ale1__2,4.0946897569,-0.6193971685,-0.31719005
cck_gnd__gnd_ale2__1,4.3824927327,-0.5803592055,-0.39582389
cck_gnd__gnd_ale2__2,4.0234140309,-0.3804618555,-0.39578102
cck_gnd__gnd_ale3__1,4.0538353527,-0.4809650715,-0.41130461
cck_gnd__gnd_ale3__2,3.9933787292,-0.46072620950000004,-0.45214628
cck_tpiA__gmos_deltpiA__1,2.862048052,0.6386442555,-0.6854790040000001
cck_tpiA__gmos_deltpiA__2,2.3981319788,0.4287924515,-0.573178812
cck_tpiA__tpiA_ale1__1,3.1794570622,-0.34561318350000003,-0.39625774
cck_tpiA__tpiA_ale1__2,3.4707780225000002,-0.4361762695,-0.43990065
cck_tpiA__tpiA_ale2__1,2.5789907567,-0.3218753545,-0.45667355
cck_tpiA__tpiA_ale2__2,2.5600825885000003,-0.1120534515,-0.36698022
cck_tpiA__tpiA_ale3__1,2.99392455,-0.0608057595,-0.44682955
cck_tpiA__tpiA_ale3__2,2.854413609,0.0807222665,-0.542667683
cck_tpiA__tpiA_ale4__1,3.5327196705,-0.1562712565,-0.44039437000000003
cck_tpiA__tpiA_ale4__2,3.6040692196,-0.08966586950000001,-0.511194523
acid_tale__acid_ale1_pH7__1,4.7297681692,-0.2593794085,0.22792414
acid_tale__acid_ale1_pH7__2,4.7748792006,-0.2592947855,0.2287772
acid_tale__acid_ale1_pH5__1,2.7781702837,-0.2424395585,-0.02556688
acid_tale__acid_ale1_pH5__2,2.44943448,-0.2661206075,0.13502295
acid_tale__acid_ale2_pH7__1,4.9280822566,-0.1777300095,0.28767536
acid_tale__acid_ale2_pH7__2,5.1570523497,-0.1679490925,0.25537654
acid_tale__acid_ale2_pH5__1,4.7588509488,0.061989890500000006,0.25564459
acid_tale__acid_ale2_pH5__2,4.3750407419,0.3528791255,0.27478796
acid_tale__low_Mg_ale_pH7__1,3.2302274594,-0.1739702515,0.42896812
acid_tale__low_Mg_ale_pH7__2,3.207593234,-0.44203545050000004,0.37744064
acid_tale__low_Mg_ale_pH5__1,4.1992014826,0.0073697245,0.52707341
acid_tale__low_Mg_ale_pH5__2,3.8902526163,-0.1476907345,0.38186708
acid_tale__MES_ale_pH7__1,4.5385985641,-0.4703574755,0.37596988000000003
acid_tale__MES_ale_pH7__2,4.1966501815,-0.23941086350000002,0.43998506
acid_tale__MES_ale_pH5__1,2.8810768655,-0.2145497515,0.49570111
acid_tale__MES_ale_pH5__2,3.206244414,0.3043547975,0.54310336
acid_tale__gmos_pH7__1,3.5324639527,-0.2887148545,0.30102386000000003
acid_tale__gmos_pH7__2,3.8737533408,-0.3874811495,0.28572659
acid_tale__gmos_pH5__1,3.0692319911,-0.0450316605,0.45011624
acid_tale__gmos_pH5__2,3.464012467,-0.0028271755,0.56432813
adnB__wt_adn__1,0.22694905370000001,-0.2804474665,0.51395106
adnB__wt_adn__2,2.1887772296,0.1809043085,0.09895834
adnB__delydhB_adn__1,3.0878864048,-0.0369652815,0.29930733
adnB__delydhB_adn__2,1.2527736546,-0.27841174750000003,0.43498446
ytf2__wt_glc__1,0.904006092,-0.6840952235000001,-0.15138647
ytf2__wt_glc__2,1.1208197853,-0.6540545375,-0.19853085
ytf2__ybcM_glc__1,3.3670573324,0.43594274650000003,-0.05504335
ytf2__ybcM_glc__2,2.9671405992,0.4845220555,-0.12573631
ytf2__ydhB_glc__1,2.3380686202,0.11725022950000001,-0.27574757
ytf2__ydhB_glc__2,2.2709176266,-0.0073466175,-0.16221957
ytf2__yfeC_glc__1,2.4786528123,-0.1837648465,-0.18646497
ytf2__yfeC_glc__2,2.2678997241,-0.1011225615,-0.09139962
ytf2__yciT_glc__1,2.0338202561,-0.36897068650000003,-0.0059367
ytf2__yciT_glc__2,2.0626447687,-0.38874628050000004,0.00527821
ytf2__ydiZ_glc__1,2.3884490171,-0.47271763050000004,-0.09012503000000001
ytf2__ydiZ_glc__2,2.4914186085,-0.6108890725,-0.03360522
ytf2__ynfL_glc__1,2.0351362346,-0.26053519950000004,0.00986924
ytf2__ynfL_glc__2,1.8501263046,-0.3157690425,0.07053867
misc2__dellon_glc__1,2.3800357796,-0.1943648895,-0.07172149
misc2__dellon_glc__2,3.3020320558,-0.4008282965,-0.10723965
ytf3__wt_glc2__1,1.5077937687,-0.5609929305,-0.04267874
ytf3__wt_glc2__2,1.8953328806,-0.4527175755,0.03544959
ytf3__wt_pH7_lactate__1,1.5393493181,-0.40485680350000003,-0.03225577
ytf3__wt_pH7_lactate__2,1.3195472666999999,-0.4062597505,-0.036939150000000004
ytf3__wt_pH55_lactate__1,1.2487043649,-0.4696918265,-0.05342864
ytf3__wt_pH55_lactate__2,1.1528348345000001,-0.5257140185,-0.02697128
ytf3__wt_pH55_HCl__1,1.1871190086,-0.5535702305,0.10975181
ytf3__wt_pH55_HCl__2,0.7975858268,-0.6763391495000001,0.03182564
ytf3__dyieP_pH7__1,1.648782818,-0.5246131115,0.07208303
ytf3__dyieP_pH7__2,1.6224112509,-0.4711140595,0.03155094
ytf3__dyieP_pH55__1,1.6532003212,-0.40736396150000004,-0.0250168
ytf3__dyieP_pH55__2,1.7847877622000001,-0.39600390750000003,0.0720503
